algorithm,params,run-id,accuracy,TPR,TNR,BCR,MCC,DIbinary,DIavgall,CV,0-accuracy,1-accuracy,sex-accuracy,0-accuracy_over_1-accuracy,sex-accuracyRatio,diff:1-accuracyto0-accuracy,sex-accuracyDiff,0-accuracy,1-accuracy,race-accuracy,0-accuracy_over_1-accuracy,race-accuracyRatio,diff:1-accuracyto0-accuracy,race-accuracyDiff,0-accuracy,1-accuracy,sex-race-accuracy,0-accuracy_over_1-1-accuracy,1-accuracy_over_1-1-accuracy,sex-race-accuracyRatio,diff:1-1-accuracyto0-accuracy,diff:1-1-accuracyto1-accuracy,sex-race-accuracyDiff,0-TPR,1-TPR,sex-TPR,0-TPR_over_1-TPR,sex-TPRRatio,diff:1-TPRto0-TPR,sex-TPRDiff,0-TPR,1-TPR,race-TPR,0-TPR_over_1-TPR,race-TPRRatio,diff:1-TPRto0-TPR,race-TPRDiff,0-TPR,1-TPR,sex-race-TPR,0-TPR_over_1-1-TPR,1-TPR_over_1-1-TPR,sex-race-TPRRatio,diff:1-1-TPRto0-TPR,diff:1-1-TPRto1-TPR,sex-race-TPRDiff,0-TNR,1-TNR,sex-TNR,0-TNR_over_1-TNR,sex-TNRRatio,diff:1-TNRto0-TNR,sex-TNRDiff,0-TNR,1-TNR,race-TNR,0-TNR_over_1-TNR,race-TNRRatio,diff:1-TNRto0-TNR,race-TNRDiff,0-TNR,1-TNR,sex-race-TNR,0-TNR_over_1-1-TNR,1-TNR_over_1-1-TNR,sex-race-TNRRatio,diff:1-1-TNRto0-TNR,diff:1-1-TNRto1-TNR,sex-race-TNRDiff,0-FPR,1-FPR,sex-FPR,0-FPR_over_1-FPR,sex-FPRRatio,diff:1-FPRto0-FPR,sex-FPRDiff,0-FPR,1-FPR,race-FPR,0-FPR_over_1-FPR,race-FPRRatio,diff:1-FPRto0-FPR,race-FPRDiff,0-FPR,1-FPR,sex-race-FPR,0-FPR_over_1-1-FPR,1-FPR_over_1-1-FPR,sex-race-FPRRatio,diff:1-1-FPRto0-FPR,diff:1-1-FPRto1-FPR,sex-race-FPRDiff,0-FNR,1-FNR,sex-FNR,0-FNR_over_1-FNR,sex-FNRRatio,diff:1-FNRto0-FNR,sex-FNRDiff,0-FNR,1-FNR,race-FNR,0-FNR_over_1-FNR,race-FNRRatio,diff:1-FNRto0-FNR,race-FNRDiff,0-FNR,1-FNR,sex-race-FNR,0-FNR_over_1-1-FNR,1-FNR_over_1-1-FNR,sex-race-FNRRatio,diff:1-1-FNRto0-FNR,diff:1-1-FNRto1-FNR,sex-race-FNRDiff,0-calibration+,1-calibration+,sex-calibration+,0-calibration+_over_1-calibration+,sex-calibration+Ratio,diff:1-calibration+to0-calibration+,sex-calibration+Diff,0-calibration+,1-calibration+,race-calibration+,0-calibration+_over_1-calibration+,race-calibration+Ratio,diff:1-calibration+to0-calibration+,race-calibration+Diff,0-calibration+,1-calibration+,sex-race-calibration+,0-calibration+_over_1-1-calibration+,1-calibration+_over_1-1-calibration+,sex-race-calibration+Ratio,diff:1-1-calibration+to0-calibration+,diff:1-1-calibration+to1-calibration+,sex-race-calibration+Diff,0-calibration-,1-calibration-,sex-calibration-,0-calibration-_over_1-calibration-,sex-calibration-Ratio,diff:1-calibration-to0-calibration-,sex-calibration-Diff,0-calibration-,1-calibration-,race-calibration-,0-calibration-_over_1-calibration-,race-calibration-Ratio,diff:1-calibration-to0-calibration-,race-calibration-Diff,0-calibration-,1-calibration-,sex-race-calibration-,0-calibration-_over_1-1-calibration-,1-calibration-_over_1-1-calibration-,sex-race-calibration-Ratio,diff:1-1-calibration-to0-calibration-,diff:1-1-calibration-to1-calibration-,sex-race-calibration-Diff
Feldman-SVM-DIavgall,lambda=0.0,0,0.6819066147859922,0.5457481162540366,0.7941437444543035,0.66994593035417,0.35252950658044935,0.6298306746020209,0.6298306746020209,0.8574243963303927,0.7035040431266847,0.6771513353115727,0.6903276892191287,1.0389170137322206,1.0389170137322206,1.026352707815112,1.026352707815112,0.6864904552129222,0.6729106628242075,0.6797005590185649,1.0201806764834431,1.0201806764834431,1.0135797923887147,1.0135797923887147,0.6841755319148937,0.6757246376811594,0.6799500847980265,None,None,1.0,None,None,1.0,0.41935483870967744,0.5652173913043478,0.4922861150070126,0.7419354838709679,0.7419354838709679,0.8541374474053296,0.8541374474053296,0.6133942161339422,0.38235294117647056,0.4978735786552064,1.6042617960426182,1.6042617960426182,1.2310412749574717,1.2310412749574717,0.5859154929577465,0.4155251141552511,0.5007203035564988,None,None,1.0,None,None,1.0,0.8461538461538461,0.7795454545454545,0.8128496503496503,1.0854451670778202,1.0854451670778202,1.0666083916083915,1.0666083916083915,0.7546099290780142,0.8601895734597157,0.8073997512688649,0.8772600277435867,0.8772600277435867,0.8944203556182985,0.8944203556182985,0.7720403022670025,0.8468468468468469,0.8094435745569246,None,None,1.0,None,None,1.0,0.15384615384615385,0.22045454545454546,0.18715034965034966,0.6978588421887392,0.6978588421887392,0.9333916083916084,0.9333916083916084,0.24539007092198584,0.1398104265402843,0.19260024873113507,1.7551628801538655,1.7551628801538655,1.1055796443817014,1.1055796443817014,0.2279596977329975,0.15315315315315314,0.19055642544307533,None,None,1.0,None,None,1.0,0.5806451612903225,0.4347826086956522,0.5077138849929874,1.3354838709677417,1.3354838709677417,1.1458625525946702,1.1458625525946702,0.3866057838660578,0.6176470588235294,0.5021264213447936,0.6259331738783793,0.6259331738783793,0.7689587250425284,0.7689587250425284,0.4140845070422535,0.5844748858447488,0.4992796964435012,None,None,1.0,None,None,1.0,0.5777777777777777,0.7010785824345146,0.6394281801061461,0.8241269841269842,0.8241269841269842,0.8766991953432631,0.8766991953432631,0.6996527777777778,0.6380368098159509,0.6688447937968643,1.0965711805555556,1.0965711805555556,1.061615967961827,1.061615967961827,0.6968174204355109,0.6408450704225352,0.6688312454290231,None,None,1.0,None,None,1.0,0.25622775800711745,0.33783783783783783,0.2970327979224776,0.7584341637010676,0.7584341637010676,0.9183899201692796,0.9183899201692796,0.3231552162849873,0.3163841807909605,0.3197696985379739,1.021401308615049,1.021401308615049,1.006771035494027,1.006771035494027,0.3241455347298787,0.3121951219512195,0.31817032834054915,None,None,1.0,None,None,1.0
Feldman-SVM-DIavgall,lambda=0.05,0,0.6819066147859922,0.5457481162540366,0.7941437444543035,0.66994593035417,0.35252950658044935,0.6298306746020209,0.6298306746020209,0.8574243963303927,0.7035040431266847,0.6771513353115727,0.6903276892191287,1.0389170137322206,1.0389170137322206,1.026352707815112,1.026352707815112,0.6864904552129222,0.6729106628242075,0.6797005590185649,1.0201806764834431,1.0201806764834431,1.0135797923887147,1.0135797923887147,0.6841755319148937,0.6757246376811594,0.6799500847980265,None,None,1.0,None,None,1.0,0.41935483870967744,0.5652173913043478,0.4922861150070126,0.7419354838709679,0.7419354838709679,0.8541374474053296,0.8541374474053296,0.6133942161339422,0.38235294117647056,0.4978735786552064,1.6042617960426182,1.6042617960426182,1.2310412749574717,1.2310412749574717,0.5859154929577465,0.4155251141552511,0.5007203035564988,None,None,1.0,None,None,1.0,0.8461538461538461,0.7795454545454545,0.8128496503496503,1.0854451670778202,1.0854451670778202,1.0666083916083915,1.0666083916083915,0.7546099290780142,0.8601895734597157,0.8073997512688649,0.8772600277435867,0.8772600277435867,0.8944203556182985,0.8944203556182985,0.7720403022670025,0.8468468468468469,0.8094435745569246,None,None,1.0,None,None,1.0,0.15384615384615385,0.22045454545454546,0.18715034965034966,0.6978588421887392,0.6978588421887392,0.9333916083916084,0.9333916083916084,0.24539007092198584,0.1398104265402843,0.19260024873113507,1.7551628801538655,1.7551628801538655,1.1055796443817014,1.1055796443817014,0.2279596977329975,0.15315315315315314,0.19055642544307533,None,None,1.0,None,None,1.0,0.5806451612903225,0.4347826086956522,0.5077138849929874,1.3354838709677417,1.3354838709677417,1.1458625525946702,1.1458625525946702,0.3866057838660578,0.6176470588235294,0.5021264213447936,0.6259331738783793,0.6259331738783793,0.7689587250425284,0.7689587250425284,0.4140845070422535,0.5844748858447488,0.4992796964435012,None,None,1.0,None,None,1.0,0.5777777777777777,0.7010785824345146,0.6394281801061461,0.8241269841269842,0.8241269841269842,0.8766991953432631,0.8766991953432631,0.6996527777777778,0.6380368098159509,0.6688447937968643,1.0965711805555556,1.0965711805555556,1.061615967961827,1.061615967961827,0.6968174204355109,0.6408450704225352,0.6688312454290231,None,None,1.0,None,None,1.0,0.25622775800711745,0.33783783783783783,0.2970327979224776,0.7584341637010676,0.7584341637010676,0.9183899201692796,0.9183899201692796,0.3231552162849873,0.3163841807909605,0.3197696985379739,1.021401308615049,1.021401308615049,1.006771035494027,1.006771035494027,0.3241455347298787,0.3121951219512195,0.31817032834054915,None,None,1.0,None,None,1.0
Feldman-SVM-DIavgall,lambda=0.1,0,0.6819066147859922,0.5457481162540366,0.7941437444543035,0.66994593035417,0.35252950658044935,0.6298306746020209,0.6298306746020209,0.8574243963303927,0.7035040431266847,0.6771513353115727,0.6903276892191287,1.0389170137322206,1.0389170137322206,1.026352707815112,1.026352707815112,0.6864904552129222,0.6729106628242075,0.6797005590185649,1.0201806764834431,1.0201806764834431,1.0135797923887147,1.0135797923887147,0.6841755319148937,0.6757246376811594,0.6799500847980265,None,None,1.0,None,None,1.0,0.41935483870967744,0.5652173913043478,0.4922861150070126,0.7419354838709679,0.7419354838709679,0.8541374474053296,0.8541374474053296,0.6133942161339422,0.38235294117647056,0.4978735786552064,1.6042617960426182,1.6042617960426182,1.2310412749574717,1.2310412749574717,0.5859154929577465,0.4155251141552511,0.5007203035564988,None,None,1.0,None,None,1.0,0.8461538461538461,0.7795454545454545,0.8128496503496503,1.0854451670778202,1.0854451670778202,1.0666083916083915,1.0666083916083915,0.7546099290780142,0.8601895734597157,0.8073997512688649,0.8772600277435867,0.8772600277435867,0.8944203556182985,0.8944203556182985,0.7720403022670025,0.8468468468468469,0.8094435745569246,None,None,1.0,None,None,1.0,0.15384615384615385,0.22045454545454546,0.18715034965034966,0.6978588421887392,0.6978588421887392,0.9333916083916084,0.9333916083916084,0.24539007092198584,0.1398104265402843,0.19260024873113507,1.7551628801538655,1.7551628801538655,1.1055796443817014,1.1055796443817014,0.2279596977329975,0.15315315315315314,0.19055642544307533,None,None,1.0,None,None,1.0,0.5806451612903225,0.4347826086956522,0.5077138849929874,1.3354838709677417,1.3354838709677417,1.1458625525946702,1.1458625525946702,0.3866057838660578,0.6176470588235294,0.5021264213447936,0.6259331738783793,0.6259331738783793,0.7689587250425284,0.7689587250425284,0.4140845070422535,0.5844748858447488,0.4992796964435012,None,None,1.0,None,None,1.0,0.5777777777777777,0.7010785824345146,0.6394281801061461,0.8241269841269842,0.8241269841269842,0.8766991953432631,0.8766991953432631,0.6996527777777778,0.6380368098159509,0.6688447937968643,1.0965711805555556,1.0965711805555556,1.061615967961827,1.061615967961827,0.6968174204355109,0.6408450704225352,0.6688312454290231,None,None,1.0,None,None,1.0,0.25622775800711745,0.33783783783783783,0.2970327979224776,0.7584341637010676,0.7584341637010676,0.9183899201692796,0.9183899201692796,0.3231552162849873,0.3163841807909605,0.3197696985379739,1.021401308615049,1.021401308615049,1.006771035494027,1.006771035494027,0.3241455347298787,0.3121951219512195,0.31817032834054915,None,None,1.0,None,None,1.0
Feldman-SVM-DIavgall,lambda=0.15,0,0.6819066147859922,0.5414424111948332,0.7976929902395741,0.6695677007172036,0.35259513389779595,0.6376912758451039,0.6376912758451039,0.8621721708111048,0.7035040431266847,0.6771513353115727,0.6903276892191287,1.0389170137322206,1.0389170137322206,1.026352707815112,1.026352707815112,0.6864904552129222,0.6729106628242075,0.6797005590185649,1.0201806764834431,1.0201806764834431,1.0135797923887147,1.0135797923887147,0.6841755319148937,0.6757246376811594,0.6799500847980265,None,None,1.0,None,None,1.0,0.41935483870967744,0.5602484472049689,0.4898016429573232,0.7485158429296903,0.7485158429296903,0.8591063915047086,0.8591063915047086,0.60882800608828,0.3786764705882353,0.49375223833825765,1.6077788121942929,1.6077788121942929,1.2301515355000447,1.2301515355000447,0.5816901408450704,0.410958904109589,0.4963245224773297,None,None,1.0,None,None,1.0,0.8461538461538461,0.7840909090909091,0.8151223776223776,1.0791527313266445,1.0791527313266445,1.062062937062937,1.062062937062937,0.7588652482269503,0.8625592417061612,0.8107122449665558,0.8797833372301457,0.8797833372301457,0.8963060065207892,0.8963060065207892,0.7758186397984886,0.8498498498498499,0.8128342448241692,None,None,1.0,None,None,1.0,0.15384615384615385,0.21590909090909094,0.1848776223776224,0.7125506072874493,0.7125506072874493,0.9379370629370629,0.9379370629370629,0.24113475177304966,0.13744075829383884,0.18928775503344425,1.7544631939349478,1.7544631939349478,1.1036939934792107,1.1036939934792107,0.22418136020151136,0.1501501501501501,0.18716575517583073,None,None,1.0,None,None,1.0,0.5806451612903225,0.4397515527950311,0.5101983570426768,1.3203936577364677,1.3203936577364677,1.1408936084952914,1.1408936084952914,0.39117199391172,0.6213235294117647,0.5062477616617423,0.6295785937514072,0.6295785937514072,0.7698484644999553,0.7698484644999553,0.4183098591549296,0.589041095890411,0.5036754775226703,None,None,1.0,None,None,1.0,0.5777777777777777,0.7035881435257411,0.6406829606517594,0.8211874846021187,0.8211874846021187,0.8741896342520367,0.8741896342520367,0.7017543859649122,0.639751552795031,0.6707529693799716,1.0969170499063192,1.0969170499063192,1.0620028331698812,1.0620028331698812,0.6988155668358714,0.6428571428571429,0.6708363548465072,None,None,1.0,None,None,1.0,0.25622775800711745,0.3390804597701149,0.2976541088886162,0.7556547439531939,0.7556547439531939,0.9171472982370026,0.9171472982370026,0.3244949494949495,0.3170731707317073,0.3207840601133284,1.0234071484071485,1.0234071484071485,1.0074217787632422,1.0074217787632422,0.3253012048192771,0.3131067961165049,0.319204000467891,None,None,1.0,None,None,1.0
Feldman-SVM-DIavgall,lambda=0.2,0,0.6828793774319066,0.542518837459634,0.7985803016858918,0.6705495695727629,0.3546368091645578,0.6376912758451039,0.6376912758451039,0.8621721708111048,0.7035040431266847,0.6783382789317507,0.6909211610292176,1.0370991361928816,1.0370991361928816,1.0251657641949339,1.0251657641949339,0.6879588839941263,0.6729106628242075,0.6804347734091669,1.0223628811390228,1.0223628811390228,1.0150482211699188,1.0150482211699188,0.6855053191489362,0.6757246376811594,0.6806149784150478,None,None,1.0,None,None,1.0,0.41935483870967744,0.5614906832298137,0.4904227609697456,0.7468598344276335,0.7468598344276335,0.8578641554798638,0.8578641554798638,0.60882800608828,0.38235294117647056,0.4955904736323753,1.5923194005385786,1.5923194005385786,1.2264750649118095,1.2264750649118095,0.5816901408450704,0.4155251141552511,0.49860762750016074,None,None,1.0,None,None,1.0,0.8461538461538461,0.7852272727272728,0.8156905594405595,1.077591005232105,1.077591005232105,1.0609265734265734,1.0609265734265734,0.7617021276595745,0.8601895734597157,0.8109458505596451,0.8855049528163648,0.8855049528163648,0.9015125541998588,0.9015125541998588,0.7783375314861462,0.8468468468468469,0.8125921891664964,None,None,1.0,None,None,1.0,0.15384615384615385,0.21477272727272723,0.18430944055944054,0.7163207163207165,0.7163207163207165,0.9390734265734266,0.9390734265734266,0.23829787234042554,0.1398104265402843,0.18905414944035492,1.7044356292823664,1.7044356292823664,1.0984874458001412,1.0984874458001412,0.22166246851385385,0.15315315315315314,0.1874078108335035,None,None,1.0,None,None,1.0,0.5806451612903225,0.43850931677018634,0.5095772390302544,1.3241341496847299,1.3241341496847299,1.1421358445201362,1.1421358445201362,0.39117199391172,0.6176470588235294,0.5044095263676247,0.63332608538088,0.63332608538088,0.7735249350881905,0.7735249350881905,0.4183098591549296,0.5844748858447488,0.5013923724998393,None,None,1.0,None,None,1.0,0.5777777777777777,0.7051482059282371,0.6414629918530075,0.81937069813176,0.81937069813176,0.8726295718495406,0.8726295718495406,0.704225352112676,0.6380368098159509,0.6711310809643134,1.1037378114842904,1.1037378114842904,1.0661885422967252,1.0661885422967252,0.7011884550084889,0.6408450704225352,0.6710167627155121,None,None,1.0,None,None,1.0,0.25622775800711745,0.3381226053639847,0.29717518168555107,0.7577954089502283,0.7577954089502283,0.9181051526431327,0.9181051526431327,0.3236775818639798,0.3163841807909605,0.32003088132747015,1.0230523569629362,1.0230523569629362,1.0072934010730195,1.0072934010730195,0.32459016393442625,0.3121951219512195,0.3183926429428229,None,None,1.0,None,None,1.0
Feldman-SVM-DIavgall,lambda=0.25,0,0.6823929961089494,0.5414424111948332,0.7985803016858918,0.6700113564403625,0.3536262950939361,0.6386876684636119,0.6386876684636119,0.8627656426211938,0.7035040431266847,0.6777448071216617,0.6906244251241732,1.0380072790441888,1.0380072790441888,1.025759236005023,1.025759236005023,0.6872246696035242,0.6729106628242075,0.6800676662138658,1.0212717788112329,1.0212717788112329,1.0143140067793168,1.0143140067793168,0.6848404255319149,0.6757246376811594,0.6802825316065372,None,None,1.0,None,None,1.0,0.41935483870967744,0.5602484472049689,0.4898016429573232,0.7485158429296903,0.7485158429296903,0.8591063915047086,0.8591063915047086,0.6073059360730594,0.38235294117647056,0.494829438624765,1.5883386020372323,1.5883386020372323,1.2249529948965887,1.2249529948965887,0.5802816901408451,0.4155251141552511,0.49790340214804807,None,None,1.0,None,None,1.0,0.8461538461538461,0.7852272727272728,0.8156905594405595,1.077591005232105,1.077591005232105,1.0609265734265734,1.0609265734265734,0.7617021276595745,0.8601895734597157,0.8109458505596451,0.8855049528163648,0.8855049528163648,0.9015125541998588,0.9015125541998588,0.7783375314861462,0.8468468468468469,0.8125921891664964,None,None,1.0,None,None,1.0,0.15384615384615385,0.21477272727272723,0.18430944055944054,0.7163207163207165,0.7163207163207165,0.9390734265734266,0.9390734265734266,0.23829787234042554,0.1398104265402843,0.18905414944035492,1.7044356292823664,1.7044356292823664,1.0984874458001412,1.0984874458001412,0.22166246851385385,0.15315315315315314,0.1874078108335035,None,None,1.0,None,None,1.0,0.5806451612903225,0.4397515527950311,0.5101983570426768,1.3203936577364677,1.3203936577364677,1.1408936084952914,1.1408936084952914,0.3926940639269406,0.6176470588235294,0.5051705613752351,0.6357903892150467,0.6357903892150467,0.7750470051034112,0.7750470051034112,0.4197183098591549,0.5844748858447488,0.5020965978519518,None,None,1.0,None,None,1.0,0.5777777777777777,0.7046875,0.6412326388888889,0.8199063808819905,0.8199063808819905,0.8730902777777777,0.8730902777777777,0.7037037037037037,0.6380368098159509,0.6708702567598273,1.102920227920228,1.102920227920228,1.065666893887753,1.065666893887753,0.7006802721088435,0.6408450704225352,0.6707626712656893,None,None,1.0,None,None,1.0,0.25622775800711745,0.33875598086124403,0.2974918694341807,0.7563785511792026,0.7563785511792026,0.9174717771458734,0.9174717771458734,0.32452830188679244,0.3163841807909605,0.32045624133887646,1.0257412398921832,1.0257412398921832,1.008144121095832,1.008144121095832,0.32532751091703055,0.3121951219512195,0.31876131643412503,None,None,1.0,None,None,1.0
Feldman-SVM-DIavgall,lambda=0.3,0,0.6828793774319066,0.527448869752422,0.8110026619343389,0.6692257658433804,0.35509105976831495,0.7010299240060369,0.7010299240060369,0.8919449398929831,0.7088948787061995,0.6771513353115727,0.6930231070088861,1.0468780636458774,1.0468780636458774,1.0317435433946267,1.0317435433946267,0.6894273127753304,0.670028818443804,0.6797280656095672,1.0289517313249017,1.0289517313249017,1.0193984943315264,1.0193984943315264,0.6875,0.6702898550724637,0.6788949275362319,None,None,1.0,None,None,1.0,0.4435483870967742,0.5403726708074534,0.49196052895211384,0.8208194289951798,0.8208194289951798,0.9031757162893208,0.9031757162893208,0.5905631659056316,0.375,0.4827815829528158,1.5748351090816843,1.5748351090816843,1.2155631659056316,1.2155631659056316,0.5690140845070423,0.3926940639269406,0.48085407421699145,None,None,1.0,None,None,1.0,0.8421052631578947,0.8022727272727272,0.822188995215311,1.0496496198002088,1.0496496198002088,1.0398325358851674,1.0398325358851674,0.7815602836879433,0.8601895734597157,0.8208749285738295,0.9085907430201434,0.9085907430201434,0.9213707102282276,0.9213707102282276,0.7934508816120907,0.8528528528528528,0.8231518672324718,None,None,1.0,None,None,1.0,0.1578947368421053,0.19772727272727275,0.17781100478468903,0.7985480943738659,0.7985480943738659,0.9601674641148326,0.9601674641148326,0.21843971631205672,0.1398104265402843,0.1791250714261705,1.562399326842169,1.562399326842169,1.0786292897717724,1.0786292897717724,0.20654911838790935,0.14714714714714716,0.17684813276752825,None,None,1.0,None,None,1.0,0.5564516129032258,0.45962732919254656,0.5080394710478862,1.2106582388840452,1.2106582388840452,1.0968242837106792,1.0968242837106792,0.4094368340943684,0.625,0.5172184170471842,0.6550989345509894,0.6550989345509894,0.7844368340943684,0.7844368340943684,0.4309859154929577,0.6073059360730594,0.5191459257830086,None,None,1.0,None,None,1.0,0.5851063829787234,0.7142857142857143,0.6496960486322189,0.8191489361702128,0.8191489361702128,0.8708206686930091,0.8708206686930091,0.7158671586715867,0.6335403726708074,0.674703765671197,1.1299471818247595,1.1299471818247595,1.0823267860007793,1.0823267860007793,0.7112676056338029,0.6370370370370371,0.6741523213354199,None,None,1.0,None,None,1.0,0.2490974729241877,0.34386617100371747,0.29648182196395256,0.7244023807200702,0.7244023807200702,0.9052313019204703,0.9052313019204703,0.3280487804878049,0.31894934333958724,0.32349906191369604,1.028529411764706,1.028529411764706,1.0090994371482176,1.0090994371482176,0.3269230769230769,0.31894484412470026,0.32293396052388856,None,None,1.0,None,None,1.0
Feldman-SVM-DIavgall,lambda=0.35,0,0.6833657587548638,0.527448869752422,0.8118899733806566,0.6696694215665393,0.3561438930396286,0.7021829337494679,0.7021829337494679,0.8925384117030721,0.7088948787061995,0.6777448071216617,0.6933198429139307,1.045961357810811,1.045961357810811,1.0311500715845376,1.0311500715845376,0.6894273127753304,0.6714697406340058,0.680448526704668,1.0267436803993117,1.0267436803993117,1.0179575721413245,1.0179575721413245,0.6875,0.6721014492753623,0.6798007246376812,None,None,1.0,None,None,1.0,0.4435483870967742,0.5403726708074534,0.49196052895211384,0.8208194289951798,0.8208194289951798,0.9031757162893208,0.9031757162893208,0.5905631659056316,0.375,0.4827815829528158,1.5748351090816843,1.5748351090816843,1.2155631659056316,1.2155631659056316,0.5690140845070423,0.3926940639269406,0.48085407421699145,None,None,1.0,None,None,1.0,0.8421052631578947,0.803409090909091,0.8227571770334928,1.048164966872627,1.048164966872627,1.0386961722488037,1.0386961722488037,0.7815602836879433,0.8625592417061612,0.8220597626970523,0.9060946146052529,0.9060946146052529,0.9190010419817821,0.9190010419817821,0.7934508816120907,0.8558558558558559,0.8246533687339732,None,None,1.0,None,None,1.0,0.1578947368421053,0.19659090909090904,0.17724282296650717,0.8031639793124434,0.8031639793124434,0.9613038277511963,0.9613038277511963,0.21843971631205672,0.13744075829383884,0.17794023730294778,1.589337246270482,1.589337246270482,1.0809989580182178,1.0809989580182178,0.20654911838790935,0.14414414414414412,0.17534663126602673,None,None,1.0,None,None,1.0,0.5564516129032258,0.45962732919254656,0.5080394710478862,1.2106582388840452,1.2106582388840452,1.0968242837106792,1.0968242837106792,0.4094368340943684,0.625,0.5172184170471842,0.6550989345509894,0.6550989345509894,0.7844368340943684,0.7844368340943684,0.4309859154929577,0.6073059360730594,0.5191459257830086,None,None,1.0,None,None,1.0,0.5851063829787234,0.7154605263157895,0.6502834546472565,0.817803864025434,0.817803864025434,0.8696458566629339,0.8696458566629339,0.7158671586715867,0.6375,0.6766835793357933,1.122928876347587,1.122928876347587,1.0783671586715866,1.0783671586715866,0.7112676056338029,0.6417910447761194,0.6765293252049611,None,None,1.0,None,None,1.0,0.2490974729241877,0.3435468895078923,0.29632218121604004,0.7250756171333788,0.7250756171333788,0.9055505834162954,0.9055505834162954,0.3280487804878049,0.31835205992509363,0.32320042020644923,1.0304591104734577,1.0304591104734577,1.0096967205627112,1.0096967205627112,0.3269230769230769,0.3181818181818182,0.32255244755244755,None,None,1.0,None,None,1.0
Feldman-SVM-DIavgall,lambda=0.4,0,0.681420233463035,0.5231431646932185,0.8118899733806566,0.6675165690369376,0.3521113171623507,0.706833151853769,0.706833151853769,0.8949122989434282,0.7088948787061995,0.6753709198813056,0.6921328992937525,1.049637847644944,1.049637847644944,1.033523958824894,1.033523958824894,0.6864904552129222,0.6714697406340058,0.6789800979234639,1.0223699054029356,1.0223699054029356,1.0150207145789163,1.0150207145789163,0.6848404255319149,0.6721014492753623,0.6784709374036386,None,None,1.0,None,None,1.0,0.4435483870967742,0.5354037267080746,0.48947605690242435,0.8284372427213531,0.8284372427213531,0.9081446603886996,0.9081446603886996,0.5844748858447488,0.375,0.4797374429223744,1.5585996955859969,1.5585996955859969,1.2094748858447488,1.2094748858447488,0.5633802816901409,0.3926940639269406,0.47803717280854074,None,None,1.0,None,None,1.0,0.8421052631578947,0.803409090909091,0.8227571770334928,1.048164966872627,1.048164966872627,1.0386961722488037,1.0386961722488037,0.7815602836879433,0.8625592417061612,0.8220597626970523,0.9060946146052529,0.9060946146052529,0.9190010419817821,0.9190010419817821,0.7934508816120907,0.8558558558558559,0.8246533687339732,None,None,1.0,None,None,1.0,0.1578947368421053,0.19659090909090904,0.17724282296650717,0.8031639793124434,0.8031639793124434,0.9613038277511963,0.9613038277511963,0.21843971631205672,0.13744075829383884,0.17794023730294778,1.589337246270482,1.589337246270482,1.0809989580182178,1.0809989580182178,0.20654911838790935,0.14414414414414412,0.17534663126602673,None,None,1.0,None,None,1.0,0.5564516129032258,0.46459627329192543,0.5105239430975756,1.1977100224253925,1.1977100224253925,1.0918553396113002,1.0918553396113002,0.4155251141552512,0.625,0.5202625570776256,0.6648401826484018,0.6648401826484018,0.7905251141552512,0.7905251141552512,0.43661971830985913,0.6073059360730594,0.5219628271914593,None,None,1.0,None,None,1.0,0.5851063829787234,0.7135761589403974,0.6493412709595604,0.8199634694179789,0.8199634694179789,0.871530224038326,0.871530224038326,0.7137546468401487,0.6375,0.6756273234200743,1.1196151322982726,1.1196151322982726,1.0762546468401486,1.0762546468401486,0.7092198581560284,0.6417910447761194,0.6755054514660739,None,None,1.0,None,None,1.0,0.2490974729241877,0.3459759481961147,0.2975367105601512,0.7199849417942431,0.7199849417942431,0.903121524728073,0.903121524728073,0.3313106796116505,0.31835205992509363,0.32483136976837207,1.0407053112507139,1.0407053112507139,1.012958619686557,1.012958619686557,0.32978723404255317,0.3181818181818182,0.32398452611218564,None,None,1.0,None,None,1.0
Feldman-SVM-DIavgall,lambda=0.45,0,0.6819066147859922,0.5231431646932185,0.8127772848269743,0.6679602247600964,0.35316701965060543,0.7080053461354503,0.7080053461354503,0.8955057707535172,0.7088948787061995,0.6759643916913947,0.6924296351987971,1.0487163043195313,1.0487163043195313,1.0329304870148048,1.0329304870148048,0.6864904552129222,0.6729106628242075,0.6797005590185649,1.0201806764834431,1.0201806764834431,1.0135797923887147,1.0135797923887147,0.6848404255319149,0.6739130434782609,0.6793767345050878,None,None,1.0,None,None,1.0,0.4435483870967742,0.5354037267080746,0.48947605690242435,0.8284372427213531,0.8284372427213531,0.9081446603886996,0.9081446603886996,0.5844748858447488,0.375,0.4797374429223744,1.5585996955859969,1.5585996955859969,1.2094748858447488,1.2094748858447488,0.5633802816901409,0.3926940639269406,0.47803717280854074,None,None,1.0,None,None,1.0,0.8421052631578947,0.8045454545454546,0.8233253588516747,1.046684507879869,1.046684507879869,1.03755980861244,1.03755980861244,0.7815602836879433,0.8649289099526066,0.823244596820275,0.9036121636063345,0.9036121636063345,0.9166313737353367,0.9166313737353367,0.7934508816120907,0.8588588588588588,0.8261548702354747,None,None,1.0,None,None,1.0,0.1578947368421053,0.19545454545454544,0.17667464114832537,0.8078335373317017,0.8078335373317017,0.9624401913875599,0.9624401913875599,0.21843971631205672,0.13507109004739337,0.17675540317972505,1.6172203558541742,1.6172203558541742,1.0833686262646633,1.0833686262646633,0.20654911838790935,0.14114114114114118,0.17384512976452526,None,None,1.0,None,None,1.0,0.5564516129032258,0.46459627329192543,0.5105239430975756,1.1977100224253925,1.1977100224253925,1.0918553396113002,1.0918553396113002,0.4155251141552512,0.625,0.5202625570776256,0.6648401826484018,0.6648401826484018,0.7905251141552512,0.7905251141552512,0.43661971830985913,0.6073059360730594,0.5219628271914593,None,None,1.0,None,None,1.0,0.5851063829787234,0.714759535655058,0.6499329593168908,0.8186059140050354,0.8186059140050354,0.8703468473236654,0.8703468473236654,0.7137546468401487,0.6415094339622641,0.6776320404012064,1.1126175377214083,1.1126175377214083,1.0722452128778845,1.0722452128778845,0.7092198581560284,0.6466165413533834,0.6779181997547059,None,None,1.0,None,None,1.0,0.2490974729241877,0.3456561922365989,0.29737683258039327,0.7206509778181046,0.7206509778181046,0.9034412806875889,0.9034412806875889,0.3313106796116505,0.3177570093457944,0.32453384447872247,1.0426541976013708,1.0426541976013708,1.013553670265856,1.013553670265856,0.32978723404255317,0.31742243436754175,0.3236048342050475,None,None,1.0,None,None,1.0
Feldman-SVM-DIavgall,lambda=0.5,0,0.6804474708171206,0.5220667384284177,0.8110026619343389,0.6665347001813783,0.35004747871341835,0.706833151853769,0.706833151853769,0.8949122989434282,0.7088948787061995,0.6741839762611276,0.6915394274836635,1.0514858016020654,1.0514858016020654,1.034710902445072,1.034710902445072,0.6850220264317181,0.6714697406340058,0.678245883532862,1.0201830179047475,1.0201830179047475,1.0135522857977124,1.0135522857977124,0.6835106382978723,0.6721014492753623,0.6778060437866174,None,None,1.0,None,None,1.0,0.4435483870967742,0.5341614906832298,0.488854938890002,0.8303638409602401,0.8303638409602401,0.9093868964135443,0.9093868964135443,0.5829528158295282,0.375,0.4789764079147641,1.5545408422120752,1.5545408422120752,1.207952815829528,1.207952815829528,0.5619718309859155,0.3926940639269406,0.47733294745642807,None,None,1.0,None,None,1.0,0.8421052631578947,0.8022727272727272,0.822188995215311,1.0496496198002088,1.0496496198002088,1.0398325358851674,1.0398325358851674,0.7801418439716312,0.8625592417061612,0.8213505428388962,0.9044501597693086,0.9044501597693086,0.9175826022654701,0.9175826022654701,0.792191435768262,0.8558558558558559,0.8240236458120589,None,None,1.0,None,None,1.0,0.1578947368421053,0.19772727272727275,0.17781100478468903,0.7985480943738659,0.7985480943738659,0.9601674641148326,0.9601674641148326,0.21985815602836878,0.13744075829383884,0.1786494571611038,1.599657617999511,1.599657617999511,1.08241739773453,1.08241739773453,0.207808564231738,0.14414414414414412,0.17597635418794105,None,None,1.0,None,None,1.0,0.5564516129032258,0.4658385093167702,0.5111450611099979,1.194516129032258,1.194516129032258,1.0906131035864557,1.0906131035864557,0.4170471841704718,0.625,0.521023592085236,0.6672754946727549,0.6672754946727549,0.7920471841704718,0.7920471841704718,0.4380281690140845,0.6073059360730594,0.5226670525435719,None,None,1.0,None,None,1.0,0.5851063829787234,0.7119205298013245,0.6485134563900239,0.8218703612073232,0.8218703612073232,0.8731858531773989,0.8731858531773989,0.7118959107806692,0.6375,0.6746979553903345,1.1166994678912459,1.1166994678912459,1.074395910780669,1.074395910780669,0.7074468085106383,0.6417910447761194,0.6746189266433789,None,None,1.0,None,None,1.0,0.2490974729241877,0.34690101757631825,0.297999245250253,0.7180649819494584,0.7180649819494584,0.9021964553478694,0.9021964553478694,0.3325242718446602,0.31835205992509363,0.32543816588487695,1.0445174186179327,1.0445174186179327,1.0141722119195666,1.0141722119195666,0.33085106382978724,0.3181818181818182,0.3245164410058027,None,None,1.0,None,None,1.0
Feldman-SVM-DIavgall,lambda=0.55,0,0.6697470817120622,0.5069967707212056,0.8039041703637977,0.6554504705425017,0.32743991527895344,0.7851889076705195,0.7851889076705195,0.9247842466027338,0.6981132075471698,0.6635014836795252,0.6808073456133474,1.0521652546663516,1.0521652546663516,1.0346117238676444,1.0346117238676444,0.6681350954478708,0.6729106628242075,0.6705228791360391,0.9929031182886987,0.9929031182886987,0.9952244326236632,0.9952244326236632,0.6688829787234043,0.6721014492753623,0.6704922139993833,None,None,1.0,None,None,1.0,0.4596774193548387,0.5142857142857142,0.4869815668202765,0.8938172043010754,0.8938172043010754,0.9453917050691245,0.9453917050691245,0.558599695585997,0.38235294117647056,0.47047631838123377,1.460953049994146,1.460953049994146,1.1762467544095263,1.1762467544095263,0.5408450704225352,0.3972602739726027,0.46905267219756897,None,None,1.0,None,None,1.0,0.8178137651821862,0.8,0.8089068825910931,1.0222672064777327,1.0222672064777327,1.0178137651821861,1.0178137651821861,0.7702127659574468,0.8601895734597157,0.8152011697085813,0.8953988629036984,0.8953988629036984,0.9100231924977311,0.9100231924977311,0.783375314861461,0.8528528528528528,0.8181140838571569,None,None,1.0,None,None,1.0,0.18218623481781382,0.19999999999999996,0.1910931174089069,0.9109311740890693,0.9109311740890693,0.9821862348178139,0.9821862348178139,0.2297872340425532,0.1398104265402843,0.18479883029141875,1.6435629282365676,1.6435629282365676,1.0899768075022689,1.0899768075022689,0.21662468513853905,0.14714714714714716,0.1818859161428431,None,None,1.0,None,None,1.0,0.5403225806451613,0.48571428571428577,0.5130184331797235,1.1124288425047437,1.1124288425047437,1.0546082949308755,1.0546082949308755,0.441400304414003,0.6176470588235294,0.5295236816187663,0.7146481119083858,0.7146481119083858,0.8237532455904736,0.8237532455904736,0.45915492957746484,0.6027397260273972,0.530947327802431,None,None,1.0,None,None,1.0,0.5588235294117647,0.7016949152542373,0.630259222333001,0.7963910201761863,0.7963910201761863,0.8571286141575274,0.8571286141575274,0.6937618147448015,0.6380368098159509,0.6658993122803762,1.0873382288788715,1.0873382288788715,1.0557250049288505,1.0557250049288505,0.6906474820143885,0.6397058823529411,0.6651766821836649,None,None,1.0,None,None,1.0,0.24907063197026022,0.35707762557077627,0.30307412877051826,0.6975251713745139,0.6975251713745139,0.891993006399484,0.891993006399484,0.34813925570228094,0.3163841807909605,0.3322617182466207,1.100368718916138,1.100368718916138,1.0317550749113205,1.0317550749113205,0.3438818565400844,0.3173076923076923,0.33059477442388835,None,None,1.0,None,None,1.0
Feldman-SVM-DIavgall,lambda=0.6,0,0.6702334630350194,0.5069967707212056,0.8047914818101154,0.6558941262656606,0.32849155845606565,0.7865219957989924,0.7865219957989924,0.9253777184128229,0.6981132075471698,0.6640949554896143,0.681104081518392,1.0512249818739776,1.0512249818739776,1.0340182520575554,1.0340182520575554,0.6681350954478708,0.6743515850144092,0.67124334023114,0.9907815304291075,0.9907815304291075,0.9937835104334616,0.9937835104334616,0.6688829787234043,0.6739130434782609,0.6713980111008326,None,None,1.0,None,None,1.0,0.4596774193548387,0.5142857142857142,0.4869815668202765,0.8938172043010754,0.8938172043010754,0.9453917050691245,0.9453917050691245,0.558599695585997,0.38235294117647056,0.47047631838123377,1.460953049994146,1.460953049994146,1.1762467544095263,1.1762467544095263,0.5408450704225352,0.3972602739726027,0.46905267219756897,None,None,1.0,None,None,1.0,0.8178137651821862,0.8011363636363636,0.809475064409275,1.0208171820713814,1.0208171820713814,1.0166774015458224,1.0166774015458224,0.7702127659574468,0.8625592417061612,0.816386003831804,0.8929389759176993,0.8929389759176993,0.9076535242512856,0.9076535242512856,0.783375314861461,0.8558558558558559,0.8196155853586584,None,None,1.0,None,None,1.0,0.18218623481781382,0.19886363636363635,0.1905249355907251,0.9161364950838639,0.9161364950838639,0.9833225984541775,0.9833225984541775,0.2297872340425532,0.13744075829383884,0.18361399616819601,1.6719002201027149,1.6719002201027149,1.0923464757487142,1.0923464757487142,0.21662468513853905,0.14414414414414412,0.18038441464134158,None,None,1.0,None,None,1.0,0.5403225806451613,0.48571428571428577,0.5130184331797235,1.1124288425047437,1.1124288425047437,1.0546082949308755,1.0546082949308755,0.441400304414003,0.6176470588235294,0.5295236816187663,0.7146481119083858,0.7146481119083858,0.8237532455904736,0.8237532455904736,0.45915492957746484,0.6027397260273972,0.530947327802431,None,None,1.0,None,None,1.0,0.5588235294117647,0.7028862478777589,0.6308548886447618,0.7950412048877522,0.7950412048877522,0.8559372815340058,0.8559372815340058,0.6937618147448015,0.6419753086419753,0.6678685616933884,1.080667442198633,1.080667442198633,1.0517865061028262,1.0517865061028262,0.6906474820143885,0.6444444444444445,0.6675459632294165,None,None,1.0,None,None,1.0,0.24907063197026022,0.35675182481751827,0.30291122839388923,0.6981621806634404,0.6981621806634404,0.8923188071527419,0.8923188071527419,0.34813925570228094,0.3157894736842105,0.33196436469324575,1.1024409763905563,1.1024409763905563,1.0323497820180705,1.0323497820180705,0.3438818565400844,0.31654676258992803,0.3302143095650062,None,None,1.0,None,None,1.0
Feldman-SVM-DIavgall,lambda=0.65,0,0.6702334630350194,0.5048439181916039,0.8065661047027507,0.6557050114471773,0.32856576413097743,0.7918999239753958,0.7918999239753958,0.9277516056531789,0.6981132075471698,0.6640949554896143,0.681104081518392,1.0512249818739776,1.0512249818739776,1.0340182520575554,1.0340182520575554,0.6688693098384728,0.6729106628242075,0.6708899863313402,0.9939942206164885,0.9939942206164885,0.9959586470142653,0.9959586470142653,0.6695478723404256,0.6721014492753623,0.6708246608078939,None,None,1.0,None,None,1.0,0.4596774193548387,0.5118012422360249,0.48573933079543175,0.8981561227685562,0.8981561227685562,0.9478761771188138,0.9478761771188138,0.5570776255707762,0.3786764705882353,0.46787704807950575,1.4711176131577781,1.4711176131577781,1.178401154982541,1.178401154982541,0.5394366197183098,0.3926940639269406,0.4660653418226252,None,None,1.0,None,None,1.0,0.8178137651821862,0.803409090909091,0.8106114280456386,1.0179294389820703,1.0179294389820703,1.0144046742730952,1.0144046742730952,0.7730496453900709,0.8625592417061612,0.817804443548116,0.8962278855895877,0.8962278855895877,0.9104904036839098,0.9104904036839098,0.7858942065491183,0.8558558558558559,0.8208750312024871,None,None,1.0,None,None,1.0,0.18218623481781382,0.19659090909090904,0.18938857195436143,0.9267276684374347,0.9267276684374347,0.9855953257269048,0.9855953257269048,0.22695035460992907,0.13744075829383884,0.18219555645188396,1.6512594766446567,1.6512594766446567,1.0895095963160903,1.0895095963160903,0.21410579345088165,0.14414414414414412,0.17912496879751288,None,None,1.0,None,None,1.0,0.5403225806451613,0.48819875776397514,0.5142606692045681,1.1067676270212592,1.1067676270212592,1.0521238228811862,1.0521238228811862,0.4429223744292238,0.6213235294117647,0.5321229519204942,0.7128691470103483,0.7128691470103483,0.8215988450174591,0.8215988450174591,0.4605633802816902,0.6073059360730594,0.5339346581773747,None,None,1.0,None,None,1.0,0.5588235294117647,0.7042735042735043,0.6315485168426345,0.7934751570531124,0.7934751570531124,0.8545500251382604,0.8545500251382604,0.6958174904942965,0.639751552795031,0.6677845216446638,1.0876370482483664,1.0876370482483664,1.0560659376992656,1.0560659376992656,0.6925858951175407,0.6417910447761194,0.66718846994683,None,None,1.0,None,None,1.0,0.24907063197026022,0.3572727272727273,0.3031716796214938,0.6971442625121786,0.6971442625121786,0.891797904697533,0.891797904697533,0.3480861244019139,0.3170731707317073,0.3325796475668106,1.0978100846521899,1.0978100846521899,1.0310129536702066,1.0310129536702066,0.3438485804416404,0.3181818181818182,0.3310151993117293,None,None,1.0,None,None,1.0
Feldman-SVM-DIavgall,lambda=0.7,0,0.669260700389105,0.49946178686759957,0.8092280390417036,0.6543449129546516,0.3266557246252478,0.7844177851021139,0.7844177851021139,0.9259216009341982,0.692722371967655,0.6640949554896143,0.6784086637286346,1.0431074144463794,1.0431074144463794,1.0286274164780407,1.0286274164780407,0.6674008810572687,0.6729106628242075,0.670155771940738,0.9918120159609088,0.9918120159609088,0.9944902182330612,0.9944902182330612,0.6675531914893617,0.6739130434782609,0.6707331174838113,None,None,1.0,None,None,1.0,0.4435483870967742,0.5080745341614907,0.4758114606291325,0.8729986592002523,0.8729986592002523,0.9354738529352835,0.9354738529352835,0.5509893455098934,0.375,0.4629946727549467,1.4693049213597158,1.4693049213597158,1.1759893455098935,1.1759893455098935,0.532394366197183,0.3926940639269406,0.46254421506206184,None,None,1.0,None,None,1.0,0.8178137651821862,0.8068181818181818,0.8123159735001839,1.0136283286765124,1.0136283286765124,1.0109955833640045,1.0109955833640045,0.775886524822695,0.8649289099526066,0.8204077173876508,0.8970523656854172,0.8970523656854172,0.9109576148700884,0.9109576148700884,0.7884130982367759,0.8588588588588588,0.8236359785478173,None,None,1.0,None,None,1.0,0.18218623481781382,0.19318181818181823,0.18768402649981603,0.9430816861157418,0.9430816861157418,0.9890044166359956,0.9890044166359956,0.22411347517730495,0.13507109004739337,0.17959228261234916,1.6592260793828542,1.6592260793828542,1.0890423851299116,1.0890423851299116,0.21158690176322414,0.14114114114114118,0.17636402145218266,None,None,1.0,None,None,1.0,0.5564516129032258,0.49192546583850927,0.5241885393708675,1.1311705767350928,1.1311705767350928,1.0645261470647165,1.0645261470647165,0.4490106544901066,0.625,0.5370053272450532,0.7184170471841705,0.7184170471841705,0.8240106544901066,0.8240106544901066,0.46760563380281694,0.6073059360730594,0.5374557849379382,None,None,1.0,None,None,1.0,0.55,0.7063903281519862,0.6281951640759931,0.7786063569682152,0.7786063569682152,0.8436096718480138,0.8436096718480138,0.6961538461538461,0.6415094339622641,0.6688316400580552,1.085180995475113,1.085180995475113,1.054644412191582,1.054644412191582,0.6923076923076923,0.6466165413533834,0.6694621168305379,None,None,1.0,None,None,1.0,0.25461254612546125,0.35804701627486435,0.3063297812001628,0.7111148384211116,0.7111148384211116,0.8965655298505969,0.8965655298505969,0.3503562945368171,0.3177570093457944,0.33405665194130574,1.1025918681011597,1.1025918681011597,1.0325992851910226,1.0325992851910226,0.3465553235908142,0.31742243436754175,0.33198887897917795,None,None,1.0,None,None,1.0
Feldman-SVM-DIavgall,lambda=0.75,0,0.6678015564202334,0.4822389666307858,0.8207630878438332,0.6515010272373095,0.32431426348624076,0.855216150825133,0.855216150825133,0.9529989522263191,0.6954177897574124,0.6617210682492581,0.6785694290033353,1.0509228481984214,1.0509228481984214,1.0336967215081543,1.0336967215081543,0.6674008810572687,0.6685878962536023,0.6679943886554355,0.9982245936503115,0.9982245936503115,0.9988129848036664,0.9988129848036664,0.6675531914893617,0.6684782608695652,0.6680157261794635,None,None,1.0,None,None,1.0,0.4596774193548387,0.4857142857142857,0.4726958525345622,0.9463946869070209,0.9463946869070209,0.973963133640553,0.973963133640553,0.5372907153729072,0.3492647058823529,0.44327771062763005,1.5383481534887449,1.5383481534887449,1.1880260094905544,1.1880260094905544,0.5197183098591549,0.3607305936073059,0.44022445173323044,None,None,1.0,None,None,1.0,0.8137651821862348,0.8227272727272728,0.8182462274567538,0.9891068512760866,0.9891068512760866,0.9910379094589621,0.9910379094589621,0.7886524822695036,0.8744075829383886,0.8315300326039461,0.9019277710507602,0.9019277710507602,0.914244899331115,0.914244899331115,0.7997481108312342,0.8708708708708709,0.8353094908510525,None,None,1.0,None,None,1.0,0.18623481781376516,0.17727272727272725,0.1817537725432462,1.0505553825391882,1.0505553825391882,1.008962090541038,1.008962090541038,0.21134751773049643,0.1255924170616114,0.1684699673960539,1.6828047638164052,1.6828047638164052,1.085755100668885,1.085755100668885,0.2002518891687658,0.1291291291291291,0.16469050914894745,None,None,1.0,None,None,1.0,0.5403225806451613,0.5142857142857142,0.5273041474654377,1.0506272401433692,1.0506272401433692,1.026036866359447,1.026036866359447,0.4627092846270928,0.6507352941176471,0.55672228937237,0.7110560758111256,0.7110560758111256,0.8119739905094457,0.8119739905094457,0.4802816901408451,0.639269406392694,0.5597755482667696,None,None,1.0,None,None,1.0,0.5533980582524272,0.7148080438756855,0.6341030510640564,0.7741911454324237,0.7741911454324237,0.8385900143767416,0.8385900143767416,0.703187250996016,0.6418918918918919,0.6725395714439539,1.0954917173411618,1.0954917173411618,1.061295359104124,1.061295359104124,0.6988636363636364,0.6475409836065574,0.6732023099850969,None,None,1.0,None,None,1.0,0.25,0.36379613356766255,0.30689806678383125,0.6871980676328503,0.6871980676328503,0.8862038664323375,0.8862038664323375,0.35348837209302325,0.3241758241758242,0.3388320981344237,1.0904217579818682,1.0904217579818682,1.0293125479171992,1.0293125479171992,0.34938524590163933,0.32558139534883723,0.3374833206252383,None,None,1.0,None,None,1.0
Feldman-SVM-DIavgall,lambda=0.8,0,0.6673151750972762,0.48116254036598494,0.8207630878438332,0.6509628141049091,0.3232960485310029,0.8567824807716992,0.8567824807716992,0.9535924240364082,0.6954177897574124,0.6611275964391692,0.6782726930982907,1.051866225979569,1.051866225979569,1.0342901933182431,1.0342901933182431,0.6666666666666666,0.6685878962536023,0.6676272814601345,0.9971264367816092,0.9971264367816092,0.9980787704130644,0.9980787704130644,0.6668882978723404,0.6684782608695652,0.6676832793709528,None,None,1.0,None,None,1.0,0.4596774193548387,0.484472049689441,0.4720747345221399,0.9488213399503721,0.9488213399503721,0.9752053696653977,0.9752053696653977,0.5357686453576864,0.3492647058823529,0.4425166756200197,1.5339902267083234,1.5339902267083234,1.1865039394753336,1.1865039394753336,0.5183098591549296,0.3607305936073059,0.43952022638111776,None,None,1.0,None,None,1.0,0.8137651821862348,0.8227272727272728,0.8182462274567538,0.9891068512760866,0.9891068512760866,0.9910379094589621,0.9910379094589621,0.7886524822695036,0.8744075829383886,0.8315300326039461,0.9019277710507602,0.9019277710507602,0.914244899331115,0.914244899331115,0.7997481108312342,0.8708708708708709,0.8353094908510525,None,None,1.0,None,None,1.0,0.18623481781376516,0.17727272727272725,0.1817537725432462,1.0505553825391882,1.0505553825391882,1.008962090541038,1.008962090541038,0.21134751773049643,0.1255924170616114,0.1684699673960539,1.6828047638164052,1.6828047638164052,1.085755100668885,1.085755100668885,0.2002518891687658,0.1291291291291291,0.16469050914894745,None,None,1.0,None,None,1.0,0.5403225806451613,0.515527950310559,0.5279252654778601,1.0480956082394093,1.0480956082394093,1.0247946303346023,1.0247946303346023,0.4642313546423136,0.6507352941176471,0.5574833243799804,0.7133950760605045,0.7133950760605045,0.8134960605246665,0.8134960605246665,0.48169014084507045,0.639269406392694,0.5604797736188822,None,None,1.0,None,None,1.0,0.5533980582524272,0.7142857142857143,0.6338418862690707,0.774757281553398,0.774757281553398,0.8391123439667129,0.8391123439667129,0.7025948103792415,0.6418918918918919,0.6722433511355668,1.0945687572223974,1.0945687572223974,1.0607029184873498,1.0607029184873498,0.698292220113852,0.6475409836065574,0.6729166018602046,None,None,1.0,None,None,1.0,0.25,0.36435469710272167,0.3071773485513608,0.686144578313253,0.686144578313253,0.8856453028972784,0.8856453028972784,0.35423925667828104,0.3241758241758242,0.3392075404270526,1.092738046024528,1.092738046024528,1.030063432502457,1.030063432502457,0.3500511770726714,0.32558139534883723,0.3378162862107543,None,None,1.0,None,None,1.0
Feldman-SVM-DIavgall,lambda=0.85,0,0.669260700389105,0.48008611410118407,0.8251996450754214,0.6526428795883028,0.32771762108962815,0.8663022861136068,0.8663022861136068,0.9571532548969423,0.6954177897574124,0.6635014836795252,0.6794596367184689,1.0481028405556707,1.0481028405556707,1.0319163060778873,1.0319163060778873,0.6688693098384728,0.670028818443804,0.6694490641411384,0.9982694645761293,0.9982694645761293,0.9988404913946688,0.9988404913946688,0.6688829787234043,0.6702898550724637,0.669586416897934,None,None,1.0,None,None,1.0,0.4596774193548387,0.4832298136645963,0.4714536165097175,0.9512604693589849,0.9512604693589849,0.9764476056902425,0.9764476056902425,0.5357686453576864,0.34558823529411764,0.44067844032590203,1.5503092716733053,1.5503092716733053,1.1901804100635687,1.1901804100635687,0.5183098591549296,0.3561643835616438,0.4372371213582867,None,None,1.0,None,None,1.0,0.8137651821862348,0.8284090909090909,0.8210871365476629,0.982322853667883,0.982322853667883,0.985356091277144,0.985356091277144,0.7929078014184398,0.8791469194312796,0.8360273604248597,0.9019059088910554,0.9019059088910554,0.9137608819871601,0.9137608819871601,0.8035264483627204,0.8768768768768769,0.8402016626197986,None,None,1.0,None,None,1.0,0.18623481781376516,0.17159090909090913,0.17891286345233715,1.0853419846100218,1.0853419846100218,1.014643908722856,1.014643908722856,0.20709219858156025,0.12085308056872035,0.1639726395751403,1.713586427478793,1.713586427478793,1.08623911801284,1.08623911801284,0.19647355163727964,0.12312312312312312,0.15979833738020138,None,None,1.0,None,None,1.0,0.5403225806451613,0.5167701863354037,0.5285463834902825,1.04557614764268,1.04557614764268,1.0235523943097575,1.0235523943097575,0.4642313546423136,0.6544117647058824,0.5593215596740979,0.7093872385545466,0.7093872385545466,0.8098195899364312,0.8098195899364312,0.48169014084507045,0.6438356164383562,0.5627628786417134,None,None,1.0,None,None,1.0,0.5533980582524272,0.7203703703703703,0.6368842143113987,0.7682132428182794,0.7682132428182794,0.8330276878820568,0.8330276878820568,0.7068273092369478,0.6482758620689655,0.6775515856529566,1.0903187216952919,1.0903187216952919,1.0585514471679822,1.0585514471679822,0.7022900763358778,0.6554621848739496,0.6788761306049137,None,None,1.0,None,None,1.0,0.25,0.36331877729257644,0.3066593886462882,0.6881009615384615,0.6881009615384615,0.8866812227074236,0.8866812227074236,0.35300925925925924,0.3242258652094718,0.3386175622343655,1.0887757490636703,1.0887757490636703,1.0287833940497875,1.0287833940497875,0.3489795918367347,0.325635103926097,0.33730734788141586,None,None,1.0,None,None,1.0
Feldman-SVM-DIavgall,lambda=0.9,0,0.6712062256809338,0.4757804090419806,0.8322981366459627,0.6540392728439717,0.3324368501622919,0.8859909744343707,0.8859909744343707,0.9642749166180105,0.6954177897574124,0.6658753709198814,0.6806465803386469,1.0443662885394294,1.0443662885394294,1.029542418837531,1.029542418837531,0.6703377386196769,0.6729106628242075,0.6716242007219422,0.9961764252720681,0.9961764252720681,0.9974270757954694,0.9974270757954694,0.6702127659574468,0.6739130434782609,0.6720629047178539,None,None,1.0,None,None,1.0,0.4596774193548387,0.4782608695652174,0.468969144460028,0.9611436950146627,0.9611436950146627,0.9814165497896212,0.9814165497896212,0.5296803652968036,0.34558823529411764,0.43763430029546063,1.532692120858836,1.532692120858836,1.184092130002686,1.184092130002686,0.5126760563380282,0.3561643835616438,0.434420219949836,None,None,1.0,None,None,1.0,0.8137651821862348,0.8375,0.8256325910931175,0.97165991902834,0.97165991902834,0.9762651821862348,0.9762651821862348,0.8014184397163121,0.8838862559241706,0.8426523478202413,0.9066986100811896,0.9066986100811896,0.9175321837921415,0.9175321837921415,0.8110831234256927,0.8828828828828829,0.8469830031542878,None,None,1.0,None,None,1.0,0.18623481781376516,0.16249999999999998,0.17436740890688257,1.146060417315478,1.146060417315478,1.0237348178137653,1.0237348178137653,0.1985815602836879,0.11611374407582942,0.15734765217975866,1.7102330293819648,1.7102330293819648,1.0824678162078585,1.0824678162078585,0.18891687657430734,0.11711711711711714,0.15301699684571224,None,None,1.0,None,None,1.0,0.5403225806451613,0.5217391304347826,0.5310308555399719,1.0356182795698925,1.0356182795698925,1.0185834502103788,1.0185834502103788,0.4703196347031964,0.6544117647058824,0.5623656997045394,0.7186906777487045,0.7186906777487045,0.815907869997314,0.815907869997314,0.48732394366197185,0.6438356164383562,0.5655797800501641,None,None,1.0,None,None,1.0,0.5533980582524272,0.7291666666666666,0.641282362459547,0.7589459084604716,0.7589459084604716,0.8242313915857605,0.8242313915857605,0.7131147540983607,0.6573426573426573,0.685228705720509,1.0848447854900594,1.0848447854900594,1.0557720967557034,1.0557720967557034,0.708171206225681,0.6666666666666666,0.6874189364461738,None,None,1.0,None,None,1.0,0.25,0.3630077787381158,0.3065038893690579,0.6886904761904762,0.6886904761904762,0.8869922212618842,0.8869922212618842,0.35354691075514877,0.32304900181488205,0.3382979562850154,1.0944064484611626,1.0944064484611626,1.0304979089402666,1.0304979089402666,0.34949494949494947,0.32413793103448274,0.33681644026471613,None,None,1.0,None,None,1.0
Feldman-SVM-DIavgall,lambda=0.95,0,0.6712062256809338,0.4714747039827772,0.8358473824312334,0.6536610432070052,0.33281007840443355,0.8996216048102841,0.8996216048102841,0.9690226910987227,0.6954177897574124,0.6658753709198814,0.6806465803386469,1.0443662885394294,1.0443662885394294,1.029542418837531,1.029542418837531,0.671071953010279,0.6714697406340058,0.6712708468221424,0.9994075866719605,0.9994075866719605,0.9996022123762732,0.9996022123762732,0.6708776595744681,0.6721014492753623,0.6714895544249152,None,None,1.0,None,None,1.0,0.4596774193548387,0.47329192546583854,0.46648467241033864,0.9712344424688848,0.9712344424688848,0.9863854938890002,0.9863854938890002,0.5251141552511416,0.34191176470588236,0.43351295997851197,1.5358177443904355,1.5358177443904355,1.1832023905452593,1.1832023905452593,0.5084507042253521,0.3515981735159817,0.4300244388706669,None,None,1.0,None,None,1.0,0.8137651821862348,0.8420454545454545,0.8279053183658447,0.9664147912603059,0.9664147912603059,0.9717197276407803,0.9717197276407803,0.8070921985815603,0.8838862559241706,0.8454892272528655,0.9131177152853043,0.9131177152853043,0.9232059426573898,0.9232059426573898,0.8161209068010076,0.8828828828828829,0.8495018948419453,None,None,1.0,None,None,1.0,0.18623481781376516,0.15795454545454546,0.1720946816341553,1.1790405732094484,1.1790405732094484,1.0282802723592197,1.0282802723592197,0.19290780141843966,0.11611374407582942,0.15451077274713454,1.66136922854248,1.66136922854248,1.0767940573426102,1.0767940573426102,0.18387909319899243,0.11711711711711714,0.15049810515805478,None,None,1.0,None,None,1.0,0.5403225806451613,0.5267080745341615,0.5335153275896614,1.0258482958003652,1.0258482958003652,1.0136145061109998,1.0136145061109998,0.4748858447488584,0.6580882352941176,0.5664870400214881,0.7216142445345781,0.7216142445345781,0.8167976094547408,0.8167976094547408,0.4915492957746479,0.6484018264840183,0.5699755611293331,None,None,1.0,None,None,1.0,0.5533980582524272,0.7326923076923076,0.6430451829723673,0.7552939377723416,0.7552939377723416,0.8207057505601195,0.8207057505601195,0.7172557172557172,0.6549295774647887,0.686092647360253,1.0951646435517404,1.0951646435517404,1.0623261397909285,1.0623261397909285,0.7120315581854043,0.6637931034482759,0.6879123308168401,None,None,1.0,None,None,1.0,0.25,0.36394849785407724,0.3069742489270386,0.6869103773584906,0.6869103773584906,0.8860515021459228,0.8860515021459228,0.35414301929625425,0.3242753623188406,0.3392091908075474,1.0921058472152645,1.0921058472152645,1.0298676569774137,1.0298676569774137,0.35005015045135407,0.3256880733944954,0.33786911192292474,None,None,1.0,None,None,1.0
Feldman-SVM-DIavgall,lambda=1.0,0,0.6712062256809338,0.4714747039827772,0.8358473824312334,0.6536610432070052,0.33281007840443355,0.8996216048102841,0.8996216048102841,0.9690226910987227,0.6954177897574124,0.6658753709198814,0.6806465803386469,1.0443662885394294,1.0443662885394294,1.029542418837531,1.029542418837531,0.671071953010279,0.6714697406340058,0.6712708468221424,0.9994075866719605,0.9994075866719605,0.9996022123762732,0.9996022123762732,0.6708776595744681,0.6721014492753623,0.6714895544249152,None,None,1.0,None,None,1.0,0.4596774193548387,0.47329192546583854,0.46648467241033864,0.9712344424688848,0.9712344424688848,0.9863854938890002,0.9863854938890002,0.5251141552511416,0.34191176470588236,0.43351295997851197,1.5358177443904355,1.5358177443904355,1.1832023905452593,1.1832023905452593,0.5084507042253521,0.3515981735159817,0.4300244388706669,None,None,1.0,None,None,1.0,0.8137651821862348,0.8420454545454545,0.8279053183658447,0.9664147912603059,0.9664147912603059,0.9717197276407803,0.9717197276407803,0.8070921985815603,0.8838862559241706,0.8454892272528655,0.9131177152853043,0.9131177152853043,0.9232059426573898,0.9232059426573898,0.8161209068010076,0.8828828828828829,0.8495018948419453,None,None,1.0,None,None,1.0,0.18623481781376516,0.15795454545454546,0.1720946816341553,1.1790405732094484,1.1790405732094484,1.0282802723592197,1.0282802723592197,0.19290780141843966,0.11611374407582942,0.15451077274713454,1.66136922854248,1.66136922854248,1.0767940573426102,1.0767940573426102,0.18387909319899243,0.11711711711711714,0.15049810515805478,None,None,1.0,None,None,1.0,0.5403225806451613,0.5267080745341615,0.5335153275896614,1.0258482958003652,1.0258482958003652,1.0136145061109998,1.0136145061109998,0.4748858447488584,0.6580882352941176,0.5664870400214881,0.7216142445345781,0.7216142445345781,0.8167976094547408,0.8167976094547408,0.4915492957746479,0.6484018264840183,0.5699755611293331,None,None,1.0,None,None,1.0,0.5533980582524272,0.7326923076923076,0.6430451829723673,0.7552939377723416,0.7552939377723416,0.8207057505601195,0.8207057505601195,0.7172557172557172,0.6549295774647887,0.686092647360253,1.0951646435517404,1.0951646435517404,1.0623261397909285,1.0623261397909285,0.7120315581854043,0.6637931034482759,0.6879123308168401,None,None,1.0,None,None,1.0,0.25,0.36394849785407724,0.3069742489270386,0.6869103773584906,0.6869103773584906,0.8860515021459228,0.8860515021459228,0.35414301929625425,0.3242753623188406,0.3392091908075474,1.0921058472152645,1.0921058472152645,1.0298676569774137,1.0298676569774137,0.35005015045135407,0.3256880733944954,0.33786911192292474,None,None,1.0,None,None,1.0
Feldman-SVM-DIavgall,lambda=0.0,1,0.6843385214007782,0.5396825396825397,0.8073807380738074,0.6735316388781736,0.3621264125446792,0.7009669293897782,0.7009669293897782,0.8882456276200497,0.72544080604534,0.674502712477396,0.699971759261368,1.075519479203949,1.075519479203949,1.050938093567944,1.050938093567944,0.693040293040293,0.6671490593342981,0.6800946761872956,1.0388087689606127,1.0388087689606127,1.0258912337059949,1.0258912337059949,0.6922567835870285,0.6623853211009174,0.677321052343973,None,None,1.0,None,None,1.0,0.48148148148148145,0.5493827160493827,0.5154320987654321,0.8764044943820224,0.8764044943820224,0.9320987654320987,0.9320987654320987,0.6071964017991005,0.3776978417266187,0.4924471217628596,1.6076247590490471,1.6076247590490471,1.2294985600724817,1.2294985600724817,0.5886426592797784,0.3811659192825112,0.4849042892811448,None,None,1.0,None,None,1.0,0.851145038167939,0.7938751472320377,0.8225100926999883,1.0721396697397332,1.0721396697397332,1.0572698909359013,1.0572698909359013,0.7750716332378224,0.8619854721549637,0.818528552696393,0.8991701812562377,0.8991701812562377,0.9130861610828587,0.9130861610828587,0.7870722433460076,0.8571428571428571,0.8221075502444324,None,None,1.0,None,None,1.0,0.14885496183206104,0.20612485276796233,0.17748990730001168,0.7221592148309703,0.7221592148309703,0.9427301090640987,0.9427301090640987,0.22492836676217765,0.13801452784503632,0.18147144730360698,1.6297441311013925,1.6297441311013925,1.0869138389171413,1.0869138389171413,0.21292775665399244,0.1428571428571429,0.17789244975556767,None,None,1.0,None,None,1.0,0.5185185185185186,0.4506172839506173,0.48456790123456794,1.1506849315068495,1.1506849315068495,1.0679012345679013,1.0679012345679013,0.3928035982008995,0.6223021582733813,0.5075528782371403,0.6312104063575148,0.6312104063575148,0.7705014399275182,0.7705014399275182,0.41135734072022156,0.6188340807174888,0.5150957107188552,None,None,1.0,None,None,1.0,0.625,0.717741935483871,0.6713709677419355,0.8707865168539326,0.8707865168539326,0.907258064516129,0.907258064516129,0.7206405693950177,0.6481481481481481,0.684394358771583,1.1118454499237418,1.1118454499237418,1.0724924212468696,1.0724924212468696,0.7166947723440135,0.648854961832061,0.6827748670880373,None,None,1.0,None,None,1.0,0.23890784982935154,0.35129932627526467,0.2951035880523081,0.6800691944457432,0.6800691944457432,0.8876085235540869,0.8876085235540869,0.32627646326276466,0.3270321361058601,0.32665429968431237,0.997689300959552,0.997689300959552,0.9992443271569045,0.9992443271569045,0.3235294117647059,0.3333333333333333,0.3284313725490196,None,None,1.0,None,None,1.0
Feldman-SVM-DIavgall,lambda=0.05,1,0.6843385214007782,0.5396825396825397,0.8073807380738074,0.6735316388781736,0.3621264125446792,0.7009669293897782,0.7009669293897782,0.8882456276200497,0.72544080604534,0.674502712477396,0.699971759261368,1.075519479203949,1.075519479203949,1.050938093567944,1.050938093567944,0.693040293040293,0.6671490593342981,0.6800946761872956,1.0388087689606127,1.0388087689606127,1.0258912337059949,1.0258912337059949,0.6922567835870285,0.6623853211009174,0.677321052343973,None,None,1.0,None,None,1.0,0.48148148148148145,0.5493827160493827,0.5154320987654321,0.8764044943820224,0.8764044943820224,0.9320987654320987,0.9320987654320987,0.6071964017991005,0.3776978417266187,0.4924471217628596,1.6076247590490471,1.6076247590490471,1.2294985600724817,1.2294985600724817,0.5886426592797784,0.3811659192825112,0.4849042892811448,None,None,1.0,None,None,1.0,0.851145038167939,0.7938751472320377,0.8225100926999883,1.0721396697397332,1.0721396697397332,1.0572698909359013,1.0572698909359013,0.7750716332378224,0.8619854721549637,0.818528552696393,0.8991701812562377,0.8991701812562377,0.9130861610828587,0.9130861610828587,0.7870722433460076,0.8571428571428571,0.8221075502444324,None,None,1.0,None,None,1.0,0.14885496183206104,0.20612485276796233,0.17748990730001168,0.7221592148309703,0.7221592148309703,0.9427301090640987,0.9427301090640987,0.22492836676217765,0.13801452784503632,0.18147144730360698,1.6297441311013925,1.6297441311013925,1.0869138389171413,1.0869138389171413,0.21292775665399244,0.1428571428571429,0.17789244975556767,None,None,1.0,None,None,1.0,0.5185185185185186,0.4506172839506173,0.48456790123456794,1.1506849315068495,1.1506849315068495,1.0679012345679013,1.0679012345679013,0.3928035982008995,0.6223021582733813,0.5075528782371403,0.6312104063575148,0.6312104063575148,0.7705014399275182,0.7705014399275182,0.41135734072022156,0.6188340807174888,0.5150957107188552,None,None,1.0,None,None,1.0,0.625,0.717741935483871,0.6713709677419355,0.8707865168539326,0.8707865168539326,0.907258064516129,0.907258064516129,0.7206405693950177,0.6481481481481481,0.684394358771583,1.1118454499237418,1.1118454499237418,1.0724924212468696,1.0724924212468696,0.7166947723440135,0.648854961832061,0.6827748670880373,None,None,1.0,None,None,1.0,0.23890784982935154,0.35129932627526467,0.2951035880523081,0.6800691944457432,0.6800691944457432,0.8876085235540869,0.8876085235540869,0.32627646326276466,0.3270321361058601,0.32665429968431237,0.997689300959552,0.997689300959552,0.9992443271569045,0.9992443271569045,0.3235294117647059,0.3333333333333333,0.3284313725490196,None,None,1.0,None,None,1.0
Feldman-SVM-DIavgall,lambda=0.1,1,0.6848249027237354,0.5365079365079365,0.810981098109811,0.6737445173088737,0.3633826367664793,0.677283842759105,0.677283842759105,0.8799783791334345,0.72544080604534,0.6751054852320675,0.7002731456387037,1.07455919395466,1.07455919395466,1.0503353208132724,1.0503353208132724,0.6937728937728938,0.6671490593342981,0.6804609765535959,1.0399068754817127,1.0399068754817127,1.0266238344385956,1.0266238344385956,0.6935804103242885,0.6605504587155964,0.6770654345199425,None,None,1.0,None,None,1.0,0.4666666666666667,0.5481481481481482,0.5074074074074074,0.8513513513513513,0.8513513513513513,0.9185185185185185,0.9185185185185185,0.6041979010494752,0.37410071942446044,0.48914931023696784,1.6150674662668665,1.6150674662668665,1.2300971816250148,1.2300971816250148,0.5858725761772853,0.37668161434977576,0.4812770952635305,None,None,1.0,None,None,1.0,0.8587786259541985,0.7962308598351001,0.8275047428946494,1.078554812773838,1.078554812773838,1.0625477661190983,1.0625477661190983,0.7793696275071633,0.864406779661017,0.8218882035840902,0.9016236867239732,0.9016236867239732,0.9149628478461463,0.9149628478461463,0.7921419518377694,0.8571428571428571,0.8246424044903132,None,None,1.0,None,None,1.0,0.14122137404580148,0.2037691401648999,0.17249525710535069,0.693045933901072,0.693045933901072,0.9374522338809016,0.9374522338809016,0.22063037249283668,0.13559322033898302,0.17811179641590985,1.6271489971346709,1.6271489971346709,1.0850371521538538,1.0850371521538538,0.20785804816223064,0.1428571428571429,0.17535759550968677,None,None,1.0,None,None,1.0,0.5333333333333333,0.45185185185185184,0.4925925925925926,1.180327868852459,1.180327868852459,1.0814814814814815,1.0814814814814815,0.39580209895052476,0.6258992805755396,0.5108506897630322,0.6323734684381948,0.6323734684381948,0.7699028183749852,0.7699028183749852,0.4141274238227147,0.6233183856502242,0.5187229047364694,None,None,1.0,None,None,1.0,0.63,0.7196110210696921,0.674805510534846,0.8754729729729729,0.8754729729729729,0.9103889789303079,0.9103889789303079,0.7235188509874326,0.65,0.6867594254937164,1.1131059245960502,1.1131059245960502,1.0735188509874325,1.0735188509874325,0.7206132879045997,0.6461538461538462,0.683383567029223,None,None,1.0,None,None,1.0,0.24242424242424243,0.3512476007677543,0.29683592159599836,0.6901804934591821,0.6901804934591821,0.8911766416564881,0.8911766416564881,0.32673267326732675,0.327683615819209,0.32720814454326785,0.9970979856606351,0.9970979856606351,0.9990490574481177,0.9990490574481177,0.3235930735930736,0.3349397590361446,0.32926641631460907,None,None,1.0,None,None,1.0
Feldman-SVM-DIavgall,lambda=0.15,1,0.6882295719844358,0.5407407407407407,0.8136813681368137,0.6772110544387773,0.3705130083772048,0.684056681186696,0.684056681186696,0.8824972708210919,0.7279596977329975,0.6787221217600965,0.7033409097465471,1.0725445280098072,1.0725445280098072,1.0492375759729011,1.0492375759729011,0.6974358974358974,0.6700434153400868,0.6837396563879921,1.0408816525447195,1.0408816525447195,1.0273924820958107,1.0273924820958107,0.6968894771674388,0.6642201834862386,0.6805548303268387,None,None,1.0,None,None,1.0,0.4740740740740741,0.5518518518518518,0.512962962962963,0.8590604026845639,0.8590604026845639,0.9222222222222223,0.9222222222222223,0.6086956521739131,0.3776978417266187,0.4931967469502659,1.6115942028985508,1.6115942028985508,1.2309978104472945,1.2309978104472945,0.590027700831025,0.3811659192825112,0.4855968100567681,None,None,1.0,None,None,1.0,0.8587786259541985,0.7997644287396938,0.8292715273469462,1.0737894748676209,1.0737894748676209,1.0590141972145046,1.0590141972145046,0.7822349570200573,0.8668280871670703,0.8245315220935638,0.902410718573418,0.902410718573418,0.915406869852987,0.915406869852987,0.7946768060836502,0.860248447204969,0.8274626266443096,None,None,1.0,None,None,1.0,0.14122137404580148,0.20023557126030622,0.17072847265305385,0.7052761562640322,0.7052761562640322,0.9409858027854953,0.9409858027854953,0.2177650429799427,0.13317191283292973,0.17546847790643622,1.6352175045584796,1.6352175045584796,1.084593130147013,1.084593130147013,0.2053231939163498,0.13975155279503104,0.17253737335569042,None,None,1.0,None,None,1.0,0.5259259259259259,0.4481481481481482,0.48703703703703705,1.1735537190082643,1.1735537190082643,1.0777777777777777,1.0777777777777777,0.3913043478260869,0.6223021582733813,0.5068032530497342,0.6288012063332494,0.6288012063332494,0.7690021895527056,0.7690021895527056,0.40997229916897504,0.6188340807174888,0.514403189943232,None,None,1.0,None,None,1.0,0.6336633663366337,0.7244732576985413,0.6790683120175875,0.8746539083438546,0.8746539083438546,0.9091901086380924,0.9091901086380924,0.7275985663082437,0.65625,0.6919242831541219,1.108721624850657,1.108721624850657,1.0713485663082438,1.0713485663082438,0.7244897959183674,0.6538461538461539,0.6891679748822606,None,None,1.0,None,None,1.0,0.23986486486486486,0.34836852207293667,0.2941166934689008,0.688537711264984,0.688537711264984,0.8914963427919282,0.8914963427919282,0.32342007434944237,0.3258003766478343,0.3246102254986383,0.9926939854309473,0.9926939854309473,0.9976196977016081,0.9976196977016081,0.3206933911159263,0.3325301204819277,0.326611755798927,None,None,1.0,None,None,1.0
Feldman-SVM-DIavgall,lambda=0.2,1,0.6882295719844358,0.5354497354497354,0.8181818181818182,0.6768157768157768,0.37090472665129565,0.6873094259578417,0.6873094259578417,0.8854033339254779,0.72544080604534,0.679324894514768,0.702382850280054,1.0678849132468669,1.0678849132468669,1.046115911530572,1.046115911530572,0.6974358974358974,0.6700434153400868,0.6837396563879921,1.0408816525447195,1.0408816525447195,1.0273924820958107,1.0273924820958107,0.6968894771674388,0.6642201834862386,0.6805548303268387,None,None,1.0,None,None,1.0,0.4666666666666667,0.5469135802469136,0.5067901234567902,0.8532731376975169,0.8532731376975169,0.9197530864197531,0.9197530864197531,0.6011994002998501,0.3776978417266187,0.4894486210132344,1.5917469836510316,1.5917469836510316,1.2235015585732314,1.2235015585732314,0.5831024930747922,0.3811659192825112,0.4821342061786517,None,None,1.0,None,None,1.0,0.8587786259541985,0.8056537102473498,0.8322161681007741,1.0659401366010448,1.0659401366010448,1.0531249157068487,1.0531249157068487,0.7893982808022922,0.8668280871670703,0.8281131839846813,0.9106745529925885,0.9106745529925885,0.922570193635222,0.922570193635222,0.8010139416983524,0.860248447204969,0.8306311944516607,None,None,1.0,None,None,1.0,0.14122137404580148,0.19434628975265023,0.16778383189922585,0.7266481609993056,0.7266481609993056,0.9468750842931513,0.9468750842931513,0.21060171919770776,0.13317191283292973,0.17188681601531874,1.5814274550664245,1.5814274550664245,1.077429806364778,1.077429806364778,0.19898605830164762,0.13975155279503104,0.16936880554833933,None,None,1.0,None,None,1.0,0.5333333333333333,0.4530864197530864,0.49320987654320986,1.1771117166212535,1.1771117166212535,1.0802469135802468,1.0802469135802468,0.3988005997001499,0.6223021582733813,0.5105513789867656,0.6408472064545762,0.6408472064545762,0.7764984414267686,0.7764984414267686,0.4168975069252078,0.6188340807174888,0.5178657938213482,None,None,1.0,None,None,1.0,0.63,0.7286184210526315,0.6793092105263158,0.8646501128668173,0.8646501128668173,0.9013815789473685,0.9013815789473685,0.7317518248175182,0.65625,0.6940009124087592,1.1150503997219325,1.1150503997219325,1.0755018248175183,1.0755018248175183,0.7283737024221453,0.6538461538461539,0.6911099281341495,None,None,1.0,None,None,1.0,0.24242424242424243,0.3491912464319695,0.295807744428106,0.6942449013293701,0.6942449013293701,0.8932329959922729,0.8932329959922729,0.32558139534883723,0.3258003766478343,0.32569088599833573,0.9993278666487432,0.9993278666487432,0.999781018701003,0.999781018701003,0.32261521972132906,0.3325301204819277,0.3275726701016284,None,None,1.0,None,None,1.0
Feldman-SVM-DIavgall,lambda=0.25,1,0.6872568093385214,0.5343915343915344,0.8172817281728173,0.6758366312821759,0.3688507826366137,0.6873094259578417,0.6873094259578417,0.8854033339254779,0.72544080604534,0.6781193490054249,0.7017800775253824,1.0697833753148613,1.0697833753148613,1.047321457039915,1.047321457039915,0.6959706959706959,0.6700434153400868,0.6830070556553913,1.0386949263839111,1.0386949263839111,1.0259272806306092,1.0259272806306092,0.6955658504301787,0.6642201834862386,0.6798930169582087,None,None,1.0,None,None,1.0,0.4666666666666667,0.5456790123456791,0.5061728395061729,0.8552036199095022,0.8552036199095022,0.9209876543209876,0.9209876543209876,0.5997001499250375,0.3776978417266187,0.4886989958258281,1.587777539801528,1.587777539801528,1.2220023081984188,1.2220023081984188,0.5817174515235457,0.3811659192825112,0.48144168540302845,None,None,1.0,None,None,1.0,0.8587786259541985,0.8044758539458187,0.8316272399500086,1.067500810300314,1.067500810300314,1.0543027720083797,1.0543027720083797,0.7879656160458453,0.8668280871670703,0.8273968516064578,0.9090217861087544,0.9090217861087544,0.921137528878775,0.921137528878775,0.7997465145754119,0.860248447204969,0.8299974808901904,None,None,1.0,None,None,1.0,0.14122137404580148,0.19552414605418134,0.1683727600499914,0.7222707624390693,0.7222707624390693,0.9456972279916201,0.9456972279916201,0.21203438395415475,0.13317191283292973,0.17260314839354224,1.5921854649648355,1.5921854649648355,1.0788624711212251,1.0788624711212251,0.2002534854245881,0.13975155279503104,0.17000251910980957,None,None,1.0,None,None,1.0,0.5333333333333333,0.45432098765432094,0.49382716049382713,1.173913043478261,1.173913043478261,1.0790123456790124,1.0790123456790124,0.4002998500749625,0.6223021582733813,0.5113010041741719,0.6432564064788414,0.6432564064788414,0.7779976918015812,0.7779976918015812,0.4182825484764543,0.6188340807174888,0.5185583145969715,None,None,1.0,None,None,1.0,0.63,0.7269736842105263,0.6784868421052632,0.866606334841629,0.866606334841629,0.9030263157894737,0.9030263157894737,0.7299270072992701,0.65625,0.693088503649635,1.1122697254084115,1.1122697254084115,1.07367700729927,1.07367700729927,0.726643598615917,0.6538461538461539,0.6902448762310354,None,None,1.0,None,None,1.0,0.24242424242424243,0.35014272121788775,0.2962834818210651,0.6923583662714097,0.6923583662714097,0.8922815212063546,0.8922815212063546,0.3268053855569155,0.3258003766478343,0.32630288110237493,1.0030847383278736,1.0030847383278736,1.0010050089090812,1.0010050089090812,0.3236870310825295,0.3325301204819277,0.32810857578222863,None,None,1.0,None,None,1.0
Feldman-SVM-DIavgall,lambda=0.3,1,0.6843385214007782,0.5291005291005291,0.8163816381638164,0.6727410836321728,0.3628472982478938,0.7080428797375666,0.7080428797375666,0.8940577538288217,0.7204030226700252,0.675708257986739,0.6980556403283821,1.0661450620959607,1.0661450620959607,1.0446947646832863,1.0446947646832863,0.6945054945054945,0.6642547033285094,0.679380098917002,1.0455409514233043,1.0455409514233043,1.030250791176985,1.030250791176985,0.6942422236929185,0.6568807339449542,0.6755614788189364,None,None,1.0,None,None,1.0,0.4666666666666667,0.5395061728395062,0.5030864197530864,0.8649885583524027,0.8649885583524027,0.9271604938271605,0.9271604938271605,0.5952023988005997,0.37050359712230213,0.48285299796145087,1.6064686103550168,1.6064686103550168,1.2246988016782976,1.2246988016782976,0.5775623268698061,0.3721973094170404,0.4748798181434233,None,None,1.0,None,None,1.0,0.851145038167939,0.8056537102473498,0.8283993742076443,1.056465113164591,1.056465113164591,1.045491327920589,1.045491327920589,0.7893982808022922,0.8619854721549637,0.825691876478628,0.9157907021667042,0.9157907021667042,0.9274128086473286,0.9274128086473286,0.8010139416983524,0.8540372670807453,0.8275256043895489,None,None,1.0,None,None,1.0,0.14885496183206104,0.19434628975265023,0.17160062579235563,0.7659264399722412,0.7659264399722412,0.9545086720794108,0.9545086720794108,0.21060171919770776,0.13801452784503632,0.17430812352137204,1.5259387724325142,1.5259387724325142,1.0725871913526714,1.0725871913526714,0.19898605830164762,0.14596273291925466,0.17247439561045114,None,None,1.0,None,None,1.0,0.5333333333333333,0.4604938271604938,0.49691358024691357,1.158176943699732,1.158176943699732,1.0728395061728395,1.0728395061728395,0.40479760119940034,0.6294964028776979,0.5171470020385491,0.6430499036196188,0.6430499036196188,0.7753011983217024,0.7753011983217024,0.42243767313019387,0.6278026905829597,0.5251201818565767,None,None,1.0,None,None,1.0,0.6176470588235294,0.7259136212624585,0.671780340042994,0.8508547583793242,0.8508547583793242,0.8917334375610709,0.8917334375610709,0.7297794117647058,0.64375,0.6867647058823529,1.1336379211878924,1.1336379211878924,1.0860294117647058,1.0860294117647058,0.7264808362369338,0.6384615384615384,0.6824711873492362,None,None,1.0,None,None,1.0,0.2440677966101695,0.35288552507095555,0.2984766608405625,0.6916344799382015,0.6916344799382015,0.8911822715392139,0.8911822715392139,0.32886723507917176,0.3295668549905838,0.3292170450348778,0.9978771532973726,0.9978771532973726,0.999300380088588,0.999300380088588,0.3255069370330843,0.3373493975903614,0.33142816731172287,None,None,1.0,None,None,1.0
Feldman-SVM-DIavgall,lambda=0.35,1,0.6848249027237354,0.5301587301587302,0.8163816381638164,0.6732701841612733,0.36383504910186115,0.7068686792736569,0.7068686792736569,0.8934549810741501,0.7204030226700252,0.6763110307414105,0.6983570267057179,1.0651948436805452,1.0651948436805452,1.0440919919286147,1.0440919919286147,0.6952380952380952,0.6642547033285094,0.6797463992833024,1.046643842722274,1.046643842722274,1.0309833919095857,1.0309833919095857,0.6949040370615487,0.6568807339449542,0.6758923855032515,None,None,1.0,None,None,1.0,0.4666666666666667,0.5407407407407407,0.5037037037037038,0.863013698630137,0.863013698630137,0.9259259259259259,0.9259259259259259,0.5967016491754122,0.37050359712230213,0.48360262314885716,1.6105151307841226,1.6105151307841226,1.2261980520531102,1.2261980520531102,0.5789473684210527,0.3721973094170404,0.4755723389190465,None,None,1.0,None,None,1.0,0.851145038167939,0.8056537102473498,0.8283993742076443,1.056465113164591,1.056465113164591,1.045491327920589,1.045491327920589,0.7893982808022922,0.8619854721549637,0.825691876478628,0.9157907021667042,0.9157907021667042,0.9274128086473286,0.9274128086473286,0.8010139416983524,0.8540372670807453,0.8275256043895489,None,None,1.0,None,None,1.0,0.14885496183206104,0.19434628975265023,0.17160062579235563,0.7659264399722412,0.7659264399722412,0.9545086720794108,0.9545086720794108,0.21060171919770776,0.13801452784503632,0.17430812352137204,1.5259387724325142,1.5259387724325142,1.0725871913526714,1.0725871913526714,0.19898605830164762,0.14596273291925466,0.17247439561045114,None,None,1.0,None,None,1.0,0.5333333333333333,0.45925925925925926,0.4962962962962963,1.1612903225806452,1.1612903225806452,1.074074074074074,1.074074074074074,0.40329835082458776,0.6294964028776979,0.5163973768511428,0.6406682373099165,0.6406682373099165,0.7738019479468898,0.7738019479468898,0.42105263157894735,0.6278026905829597,0.5244276610809535,None,None,1.0,None,None,1.0,0.6176470588235294,0.7263681592039801,0.6720076090137548,0.8503223207091055,0.8503223207091055,0.8912788996195493,0.8912788996195493,0.7302752293577982,0.64375,0.6870126146788991,1.1344081232742496,1.1344081232742496,1.086525229357798,1.086525229357798,0.7269565217391304,0.6384615384615384,0.6827090301003345,None,None,1.0,None,None,1.0,0.2440677966101695,0.3522727272727273,0.2981702619414484,0.692837616183707,0.692837616183707,0.8917950693374422,0.8917950693374422,0.3280487804878049,0.3295668549905838,0.3288078177391943,0.9953937282229965,0.9953937282229965,0.998481925497221,0.998481925497221,0.3247863247863248,0.3373493975903614,0.3310678611883431,None,None,1.0,None,None,1.0
Feldman-SVM-DIavgall,lambda=0.4,1,0.6848249027237354,0.5312169312169313,0.8154815481548154,0.6733492396858733,0.36375518191183326,0.7045319233091158,0.7045319233091158,0.8922494355648072,0.7204030226700252,0.6763110307414105,0.6983570267057179,1.0651948436805452,1.0651948436805452,1.0440919919286147,1.0440919919286147,0.6959706959706959,0.662807525325615,0.6793891106481555,1.0500343906457443,1.0500343906457443,1.0331631706450808,1.0331631706450808,0.6955658504301787,0.655045871559633,0.6753058609949059,None,None,1.0,None,None,1.0,0.4666666666666667,0.5419753086419753,0.504320987654321,0.8610478359908884,0.8610478359908884,0.9246913580246914,0.9246913580246914,0.5967016491754122,0.37410071942446044,0.48540118429993634,1.5950294083727365,1.5950294083727365,1.2226009297509517,1.2226009297509517,0.5789473684210527,0.37668161434977576,0.4778144913854142,None,None,1.0,None,None,1.0,0.851145038167939,0.8044758539458187,0.8278104460568788,1.0580119142087556,1.0580119142087556,1.0466691842221203,1.0466691842221203,0.7908309455587392,0.8571428571428571,0.8239869013507981,0.9226361031518625,0.9226361031518625,0.9336880884158821,0.9336880884158821,0.8022813688212928,0.8478260869565217,0.8250537278889072,None,None,1.0,None,None,1.0,0.14885496183206104,0.19552414605418134,0.1721895539431212,0.7613124252736136,0.7613124252736136,0.9533308157778797,0.9533308157778797,0.20916905444126077,0.1428571428571429,0.17601309864920184,1.464183381088825,1.464183381088825,1.0663119115841178,1.0663119115841178,0.19771863117870725,0.15217391304347827,0.17494627211109276,None,None,1.0,None,None,1.0,0.5333333333333333,0.4580246913580247,0.495679012345679,1.164420485175202,1.164420485175202,1.0753086419753086,1.0753086419753086,0.40329835082458776,0.6258992805755396,0.5145988157000636,0.6443502386737666,0.6443502386737666,0.7773990702490482,0.7773990702490482,0.42105263157894735,0.6233183856502242,0.5221855086145858,None,None,1.0,None,None,1.0,0.6176470588235294,0.7256198347107438,0.6716334467671365,0.8511992496315156,0.8511992496315156,0.8920272241127857,0.8920272241127857,0.7316176470588235,0.6380368098159509,0.6848272284373872,1.1466699660633484,1.1466699660633484,1.0935808372428726,1.0935808372428726,0.7282229965156795,0.631578947368421,0.6799009719420502,None,None,1.0,None,None,1.0,0.2440677966101695,0.3519924098671727,0.2980301032386711,0.6933893736580018,0.6933893736580018,0.8920753867429968,0.8920753867429968,0.3276492082825822,0.32954545454545453,0.32859733141401837,0.994245873409215,0.994245873409215,0.9981037537371277,0.9981037537371277,0.3244397011739594,0.33737864077669905,0.33090917097532924,None,None,1.0,None,None,1.0
Feldman-SVM-DIavgall,lambda=0.45,1,0.6843385214007782,0.5322751322751322,0.8136813681368137,0.6729782502059729,0.36261246129935754,0.7010556144769986,0.7010556144769986,0.8904411173007927,0.7204030226700252,0.675708257986739,0.6980556403283821,1.0661450620959607,1.0661450620959607,1.0446947646832863,1.0446947646832863,0.6952380952380952,0.662807525325615,0.6790228102818552,1.0489290912871698,1.0489290912871698,1.03243056991248,1.03243056991248,0.6949040370615487,0.655045871559633,0.6749749543105908,None,None,1.0,None,None,1.0,0.4666666666666667,0.5432098765432098,0.5049382716049382,0.8590909090909091,0.8590909090909091,0.9234567901234568,0.9234567901234568,0.5982008995502249,0.37410071942446044,0.4861508094873427,1.5990370199515627,1.5990370199515627,1.2241001801257645,1.2241001801257645,0.5803324099722992,0.37668161434977576,0.47850701216103747,None,None,1.0,None,None,1.0,0.851145038167939,0.8021201413427562,0.8266325897553476,1.0611191445001178,1.0611191445001178,1.0490248968251827,1.0490248968251827,0.7879656160458453,0.8571428571428571,0.8225542365943512,0.9192932187201528,0.9192932187201528,0.9308227589029882,0.9308227589029882,0.7997465145754119,0.8478260869565217,0.8237863007659668,None,None,1.0,None,None,1.0,0.14885496183206104,0.19787985865724378,0.1733674102446524,0.7522491821155943,0.7522491821155943,0.9509751031748173,0.9509751031748173,0.21203438395415475,0.1428571428571429,0.17744576340564883,1.4842406876790828,1.4842406876790828,1.069177241097012,1.069177241097012,0.2002534854245881,0.15217391304347827,0.17621369923403318,None,None,1.0,None,None,1.0,0.5333333333333333,0.45679012345679015,0.49506172839506174,1.1675675675675674,1.1675675675675674,1.0765432098765433,1.0765432098765433,0.40179910044977507,0.6258992805755396,0.5138491905126573,0.6419548846266522,0.6419548846266522,0.7758998198742355,0.7758998198742355,0.4196675900277008,0.6233183856502242,0.5214929878389625,None,None,1.0,None,None,1.0,0.6176470588235294,0.7236842105263158,0.6706656346749227,0.853475935828877,0.853475935828877,0.8939628482972136,0.8939628482972136,0.7294332723948812,0.6380368098159509,0.683735041105416,1.1432463788496696,1.1432463788496696,1.0913964625789303,1.0913964625789303,0.7261698440207972,0.631578947368421,0.6788743956946091,None,None,1.0,None,None,1.0,0.2440677966101695,0.3520456707897241,0.2980567336999468,0.6932844709115895,0.6932844709115895,0.8920221258204454,0.8920221258204454,0.3276283618581907,0.32954545454545453,0.3285869082018226,0.9941826152938201,0.9941826152938201,0.9980829073127362,0.9980829073127362,0.32441113490364026,0.33737864077669905,0.3308948878401696,None,None,1.0,None,None,1.0
Feldman-SVM-DIavgall,lambda=0.5,1,0.686284046692607,0.5238095238095238,0.8244824482448245,0.6741459860271741,0.3675923824478193,0.7082781881057081,0.7082781881057081,0.8962532435095647,0.72544080604534,0.676913803496082,0.701177304770711,1.0716885994917356,1.0716885994917356,1.0485270025492581,1.0485270025492581,0.6959706959706959,0.6671490593342981,0.681559877652497,1.0432011950450129,1.0432011950450129,1.0288216366363978,1.0288216366363978,0.6955658504301787,0.6605504587155964,0.6780581545728875,None,None,1.0,None,None,1.0,0.4666666666666667,0.5333333333333333,0.5,0.875,0.875,0.9333333333333333,0.9333333333333333,0.5832083958020989,0.381294964028777,0.48225167991543794,1.5295465474809764,1.5295465474809764,1.201913431773322,1.201913431773322,0.5664819944598338,0.38565022421524664,0.47606610933754023,None,None,1.0,None,None,1.0,0.8587786259541985,0.8138987043580683,0.8363386651561334,1.055141900774406,1.055141900774406,1.0448799215961302,1.0448799215961302,0.8037249283667621,0.8595641646489104,0.8316445465078363,0.935037733564712,0.935037733564712,0.9441607637178517,0.9441607637178517,0.8136882129277566,0.8509316770186336,0.8323099449731951,None,None,1.0,None,None,1.0,0.14122137404580148,0.18610129564193167,0.16366133484386658,0.7588414339549713,0.7588414339549713,0.9551200784038698,0.9551200784038698,0.19627507163323787,0.1404358353510896,0.16835545349216374,1.3976138721470213,1.3976138721470213,1.0558392362821483,1.0558392362821483,0.18631178707224338,0.1490683229813664,0.1676900550268049,None,None,1.0,None,None,1.0,0.5333333333333333,0.4666666666666667,0.5,1.1428571428571428,1.1428571428571428,1.0666666666666667,1.0666666666666667,0.41679160419790107,0.618705035971223,0.5177483200845621,0.6736515463198635,0.6736515463198635,0.7980865682266781,0.7980865682266781,0.4335180055401662,0.6143497757847534,0.5239338906624598,None,None,1.0,None,None,1.0,0.63,0.7322033898305085,0.6811016949152542,0.8604166666666667,0.8604166666666667,0.8977966101694915,0.8977966101694915,0.7395437262357415,0.6463414634146342,0.6929425948251878,1.1441997273836,1.1441997273836,1.0932022628211073,1.0932022628211073,0.7356115107913669,0.6417910447761194,0.6887012777837431,None,None,1.0,None,None,1.0,0.24242424242424243,0.35360149672591207,0.2980128695750772,0.6855860189193522,0.6855860189193522,0.8888227456983304,0.8888227456983304,0.33134684147794996,0.32637571157495254,0.32886127652645125,1.0152313108074398,1.0152313108074398,1.0049711299029975,1.0049711299029975,0.32774869109947646,0.3333333333333333,0.33054101221640486,None,None,1.0,None,None,1.0
Feldman-SVM-DIavgall,lambda=0.55,1,0.683852140077821,0.5661375661375662,0.783978397839784,0.6750579819886751,0.36004719432259524,0.8190013060919863,0.8190013060919863,0.9293024993053689,0.7128463476070529,0.676913803496082,0.6948800755515674,1.0530828946394486,1.0530828946394486,1.0359325441109708,1.0359325441109708,0.684981684981685,0.6816208393632417,0.6833012621724633,1.0049306673510494,1.0049306673510494,1.0033608456184433,1.0033608456184433,0.6876240900066182,0.673394495412844,0.6805092927097312,None,None,1.0,None,None,1.0,0.5481481481481482,0.5691358024691358,0.558641975308642,0.963123644251627,0.963123644251627,0.9790123456790124,0.9790123456790124,0.6266866566716641,0.420863309352518,0.523774983012091,1.489050346621561,1.489050346621561,1.2058233473191462,1.2058233473191462,0.6149584487534626,0.4080717488789238,0.5115150988161932,None,None,1.0,None,None,1.0,0.7977099236641222,0.7797408716136631,0.7887253976388926,1.0230449021009664,1.0230449021009664,1.017969052050459,1.017969052050459,0.7406876790830945,0.8571428571428571,0.7989152681129759,0.8641356255969437,0.8641356255969437,0.8835448219402374,0.8835448219402374,0.7541191381495564,0.8571428571428571,0.8056309976462068,None,None,1.0,None,None,1.0,0.2022900763358778,0.22025912838633688,0.21127460236110734,0.9184185818671672,0.9184185818671672,0.9820309479495409,0.9820309479495409,0.2593123209169055,0.1428571428571429,0.2010847318870242,1.8151862464183377,1.8151862464183377,1.1164551780597627,1.1164551780597627,0.24588086185044356,0.1428571428571429,0.19436900235379323,None,None,1.0,None,None,1.0,0.45185185185185184,0.43086419753086425,0.44135802469135804,1.0487106017191976,1.0487106017191976,1.0209876543209875,1.0209876543209875,0.3733133433283359,0.579136690647482,0.4762250169879089,0.6446031642563813,0.6446031642563813,0.7941766526808539,0.7941766526808539,0.3850415512465374,0.5919282511210762,0.4884849011838068,None,None,1.0,None,None,1.0,0.5826771653543307,0.7114197530864198,0.6470484592203752,0.8190342801509897,0.8190342801509897,0.8712574122679109,0.8712574122679109,0.6978297161936561,0.6647727272727273,0.6813012217331917,1.049726752564816,1.049726752564816,1.033056988920929,1.033056988920929,0.6959247648902821,0.6642335766423357,0.680079170766309,None,None,1.0,None,None,1.0,0.22592592592592592,0.34520276953511375,0.28556434773051986,0.6544730977395734,0.6544730977395734,0.8807231563908122,0.8807231563908122,0.32506527415143605,0.312621359223301,0.31884331668736854,1.0398050694906185,1.0398050694906185,1.012443914928135,1.012443914928135,0.31844215349369986,0.3235294117647059,0.32098578262920285,None,None,1.0,None,None,1.0
Feldman-SVM-DIavgall,lambda=0.6,1,0.6819066147859922,0.5608465608465608,0.7848784878487849,0.6728625243476729,0.3560830792182668,0.8188709254086833,0.8188709254086833,0.9297974713910689,0.7153652392947103,0.6738999397227246,0.6946325895087174,1.0615303506171059,1.0615303506171059,1.0414652995719857,1.0414652995719857,0.6835164835164835,0.678726483357453,0.6811214834369683,1.0070573349891048,1.0070573349891048,1.0047900001590304,1.0047900001590304,0.686300463269358,0.6697247706422018,0.6780126169557799,None,None,1.0,None,None,1.0,0.5481481481481482,0.562962962962963,0.5555555555555556,0.9736842105263157,0.9736842105263157,0.9851851851851852,0.9851851851851852,0.6221889055472264,0.4136690647482014,0.5179289851477139,1.5040740499315561,1.5040740499315561,1.208519840799025,1.208519840799025,0.610803324099723,0.3991031390134529,0.504953231556588,None,None,1.0,None,None,1.0,0.8015267175572519,0.7797408716136631,0.7906337945854576,1.0279398537856599,1.0279398537856599,1.021785845943589,1.021785845943589,0.7421203438395415,0.8571428571428571,0.7996316004911993,0.8658070678127985,0.8658070678127985,0.8849774866966844,0.8849774866966844,0.7553865652724968,0.8571428571428571,0.806264711207677,None,None,1.0,None,None,1.0,0.1984732824427481,0.22025912838633688,0.20936620541454248,0.9010899293791076,0.9010899293791076,0.9782141540564112,0.9782141540564112,0.2578796561604585,0.1428571428571429,0.2003683995088007,1.805157593123209,1.805157593123209,1.1150225133033156,1.1150225133033156,0.2446134347275032,0.1428571428571429,0.19373528879232305,None,None,1.0,None,None,1.0,0.45185185185185184,0.437037037037037,0.4444444444444444,1.033898305084746,1.033898305084746,1.0148148148148148,1.0148148148148148,0.3778110944527736,0.5863309352517986,0.4820710148522861,0.6443649340973685,0.6443649340973685,0.791480159200975,0.791480159200975,0.38919667590027696,0.600896860986547,0.495046768443412,None,None,1.0,None,None,1.0,0.5873015873015873,0.7091757387247278,0.6482386630131576,0.8281467557783347,0.8281467557783347,0.8781258485768595,0.8781258485768595,0.6974789915966386,0.6609195402298851,0.6791992659132619,1.0553160394592618,1.0553160394592618,1.0365594513667535,1.0365594513667535,0.695583596214511,0.6592592592592592,0.6774214277368851,None,None,1.0,None,None,1.0,0.22509225092250923,0.3484251968503937,0.28675872388645146,0.6460274772239248,0.6460274772239248,0.8766670540721155,0.8766670540721155,0.32727272727272727,0.3152804642166344,0.3212765957446808,1.038036809815951,1.038036809815951,1.011992263056093,1.011992263056093,0.3204104903078677,0.32682926829268294,0.32361987930027536,None,None,1.0,None,None,1.0
Feldman-SVM-DIavgall,lambda=0.65,1,0.6828793774319066,0.5650793650793651,0.783078307830783,0.674078836455074,0.3580333552608075,0.8113004700119929,0.8113004700119929,0.92618083486304,0.7153652392947103,0.6751054852320675,0.6952353622633889,1.0596347607052896,1.0596347607052896,1.0402597540626428,1.0402597540626428,0.6827838827838828,0.683068017366136,0.6829259500750093,0.9995840317874217,0.9995840317874217,0.9997158654177468,0.9997158654177468,0.685638649900728,0.6752293577981652,0.6804340038494465,None,None,1.0,None,None,1.0,0.5481481481481482,0.5679012345679012,0.5580246913580247,0.9652173913043479,0.9652173913043479,0.980246913580247,0.980246913580247,0.623688155922039,0.4244604316546763,0.5240742937883576,1.4693670114095494,1.4693670114095494,1.1992277242673626,1.1992277242673626,0.6121883656509696,0.4125560538116592,0.5123722097313144,None,None,1.0,None,None,1.0,0.8015267175572519,0.7773851590106007,0.7894559382839264,1.031054823039556,1.031054823039556,1.0241415585466513,1.0241415585466513,0.7392550143266475,0.8571428571428571,0.7981989357347523,0.8624641833810889,0.8624641833810889,0.8821121571837904,0.8821121571837904,0.752851711026616,0.8571428571428571,0.8049972840847366,None,None,1.0,None,None,1.0,0.1984732824427481,0.22261484098939932,0.2105440617160737,0.8915545862110746,0.8915545862110746,0.9758584414533488,0.9758584414533488,0.26074498567335247,0.1428571428571429,0.2018010642652477,1.8252148997134667,1.8252148997134667,1.1178878428162096,1.1178878428162096,0.24714828897338403,0.1428571428571429,0.19500271591526347,None,None,1.0,None,None,1.0,0.45185185185185184,0.4320987654320988,0.4419753086419753,1.0457142857142856,1.0457142857142856,1.019753086419753,1.019753086419753,0.37631184407796103,0.5755395683453237,0.4759257062116424,0.6538418290854573,0.6538418290854573,0.8007722757326373,0.8007722757326373,0.38781163434903043,0.5874439461883407,0.4876277902686856,None,None,1.0,None,None,1.0,0.5873015873015873,0.7087827426810478,0.6480421649913175,0.8286059351276742,0.8286059351276742,0.8785188446205395,0.8785188446205395,0.6956521739130435,0.6666666666666666,0.681159420289855,1.0434782608695652,1.0434782608695652,1.028985507246377,1.028985507246377,0.6938775510204082,0.6666666666666666,0.6802721088435374,None,None,1.0,None,None,1.0,0.22509225092250923,0.3465346534653465,0.28581345219392784,0.6495519240906695,0.6495519240906695,0.8785575974571627,0.8785575974571627,0.3272490221642764,0.311284046692607,0.3192665344284417,1.051287483702738,1.051287483702738,1.0159649754716695,1.0159649754716695,0.32036613272311215,0.32186732186732187,0.321116727295217,None,None,1.0,None,None,1.0
Feldman-SVM-DIavgall,lambda=0.7,1,0.683852140077821,0.5682539682539682,0.7821782178217822,0.6752160930378752,0.36000849114930983,0.8139767582018513,0.8139767582018513,0.926891408286683,0.7128463476070529,0.676913803496082,0.6948800755515674,1.0530828946394486,1.0530828946394486,1.0359325441109708,1.0359325441109708,0.6835164835164835,0.6845151953690304,0.6840158394427569,0.9985409938898311,0.9985409938898311,0.9990012881474531,0.9990012881474531,0.686300463269358,0.6770642201834862,0.6816823417264222,None,None,1.0,None,None,1.0,0.5481481481481482,0.571604938271605,0.5598765432098766,0.958963282937365,0.958963282937365,0.9765432098765432,0.9765432098765432,0.6266866566716641,0.42805755395683454,0.5273721053142493,1.4640242903758203,1.4640242903758203,1.1986291027148295,1.1986291027148295,0.6149584487534626,0.4170403587443946,0.5159994037489286,None,None,1.0,None,None,1.0,0.7977099236641222,0.7773851590106007,0.7875475413373614,1.0261450381679391,1.0261450381679391,1.0203247646535214,1.0203247646535214,0.7378223495702005,0.8571428571428571,0.7974826033565288,0.860792741165234,0.860792741165234,0.8806794924273434,0.8806794924273434,0.7515842839036755,0.8571428571428571,0.8043635705232663,None,None,1.0,None,None,1.0,0.2022900763358778,0.22261484098939932,0.21245245866263857,0.9086998667151336,0.9086998667151336,0.9796752353464785,0.9796752353464785,0.26217765042979946,0.1428571428571429,0.20251739664347118,1.8352435530085955,1.8352435530085955,1.1193205075726564,1.1193205075726564,0.2484157160963245,0.1428571428571429,0.1956364294767337,None,None,1.0,None,None,1.0,0.45185185185185184,0.42839506172839503,0.44012345679012344,1.0547550432276658,1.0547550432276658,1.0234567901234568,1.0234567901234568,0.3733133433283359,0.5719424460431655,0.47262789468575067,0.6527113801589772,0.6527113801589772,0.8013708972851704,0.8013708972851704,0.3850415512465374,0.5829596412556054,0.4840005962510714,None,None,1.0,None,None,1.0,0.5826771653543307,0.7101226993865031,0.6463999323704168,0.8205302630907637,0.8205302630907637,0.8725544659678276,0.8725544659678276,0.6955074875207987,0.6685393258426966,0.6820234066817477,1.0403389309134636,1.0403389309134636,1.0269681616781021,1.0269681616781021,0.69375,0.6690647482014388,0.6814073741007194,None,None,1.0,None,None,1.0,0.22592592592592592,0.3445878848063555,0.2852569053661407,0.6556409435371972,0.6556409435371972,0.8813380411195704,0.8813380411195704,0.32591623036649214,0.30994152046783624,0.3179288754171642,1.05154104514472,1.05154104514472,1.0159747098986558,1.0159747098986558,0.31917336394948337,0.32019704433497537,0.31968520414222934,None,None,1.0,None,None,1.0
Feldman-SVM-DIavgall,lambda=0.75,1,0.6857976653696498,0.5566137566137566,0.7956795679567957,0.6761466622852761,0.36442457149938556,0.8638950784731642,0.8638950784731642,0.9488068287927995,0.7128463476070529,0.679324894514768,0.6960856210609104,1.049345244614109,1.049345244614109,1.033521453092285,1.033521453092285,0.6886446886446886,0.6801736613603473,0.684409175002518,1.0124542124542124,1.0124542124542124,1.0084710272843413,1.0084710272843413,0.6909331568497684,0.671559633027523,0.6812463949386457,None,None,1.0,None,None,1.0,0.5555555555555556,0.5567901234567901,0.5561728395061729,0.9977827050997783,0.9977827050997783,0.9987654320987654,0.9987654320987654,0.6206896551724138,0.4028776978417266,0.5117836765070702,1.54064039408867,1.54064039408867,1.2178119573306871,1.2178119573306871,0.6094182825484764,0.38565022421524664,0.4975342533818615,None,None,1.0,None,None,1.0,0.7938931297709924,0.7962308598351001,0.7950619948030462,0.9970640046975925,0.9970640046975925,0.9976622699358922,0.9976622699358922,0.7535816618911175,0.8668280871670703,0.810204874529094,0.8693553808967361,0.8693553808967361,0.8867535747240473,0.8867535747240473,0.7655259822560203,0.8695652173913043,0.8175455998236623,None,None,1.0,None,None,1.0,0.20610687022900764,0.2037691401648999,0.20493800519695377,1.0114724440718352,1.0114724440718352,1.0023377300641076,1.0023377300641076,0.24641833810888247,0.13317191283292973,0.1897951254709061,1.8503777025267,1.8503777025267,1.1132464252759529,1.1132464252759529,0.2344740177439797,0.13043478260869568,0.18245440017633768,None,None,1.0,None,None,1.0,0.4444444444444444,0.44320987654320987,0.44382716049382714,1.0027855153203342,1.0027855153203342,1.0012345679012347,1.0012345679012347,0.3793103448275862,0.5971223021582734,0.4882163234929298,0.635230577482343,0.635230577482343,0.7821880426693127,0.7821880426693127,0.3905817174515236,0.6143497757847534,0.5024657466181385,None,None,1.0,None,None,1.0,0.5813953488372093,0.7227564102564102,0.6520758795468098,0.8044139638013716,0.8044139638013716,0.8586389385807991,0.8586389385807991,0.7064846416382252,0.6706586826347305,0.6885716621364779,1.0534190638712824,1.0534190638712824,1.0358259590034948,1.0358259590034948,0.704,0.671875,0.6879375,None,None,1.0,None,None,1.0,0.22388059701492538,0.3468599033816425,0.28537025019828394,0.6454496320625286,0.6454496320625286,0.8770206936332828,0.8770206936332828,0.3247753530166881,0.31679389312977096,0.3207846230732295,1.0251944878358106,1.0251944878358106,1.007981459886917,1.007981459886917,0.3182844243792325,0.328537170263789,0.32341079732151073,None,None,1.0,None,None,1.0
Feldman-SVM-DIavgall,lambda=0.8,1,0.6857976653696498,0.5566137566137566,0.7956795679567957,0.6761466622852761,0.36442457149938556,0.8638950784731642,0.8638950784731642,0.9488068287927995,0.7128463476070529,0.679324894514768,0.6960856210609104,1.049345244614109,1.049345244614109,1.033521453092285,1.033521453092285,0.6886446886446886,0.6801736613603473,0.684409175002518,1.0124542124542124,1.0124542124542124,1.0084710272843413,1.0084710272843413,0.6909331568497684,0.671559633027523,0.6812463949386457,None,None,1.0,None,None,1.0,0.5555555555555556,0.5567901234567901,0.5561728395061729,0.9977827050997783,0.9977827050997783,0.9987654320987654,0.9987654320987654,0.6206896551724138,0.4028776978417266,0.5117836765070702,1.54064039408867,1.54064039408867,1.2178119573306871,1.2178119573306871,0.6094182825484764,0.38565022421524664,0.4975342533818615,None,None,1.0,None,None,1.0,0.7938931297709924,0.7962308598351001,0.7950619948030462,0.9970640046975925,0.9970640046975925,0.9976622699358922,0.9976622699358922,0.7535816618911175,0.8668280871670703,0.810204874529094,0.8693553808967361,0.8693553808967361,0.8867535747240473,0.8867535747240473,0.7655259822560203,0.8695652173913043,0.8175455998236623,None,None,1.0,None,None,1.0,0.20610687022900764,0.2037691401648999,0.20493800519695377,1.0114724440718352,1.0114724440718352,1.0023377300641076,1.0023377300641076,0.24641833810888247,0.13317191283292973,0.1897951254709061,1.8503777025267,1.8503777025267,1.1132464252759529,1.1132464252759529,0.2344740177439797,0.13043478260869568,0.18245440017633768,None,None,1.0,None,None,1.0,0.4444444444444444,0.44320987654320987,0.44382716049382714,1.0027855153203342,1.0027855153203342,1.0012345679012347,1.0012345679012347,0.3793103448275862,0.5971223021582734,0.4882163234929298,0.635230577482343,0.635230577482343,0.7821880426693127,0.7821880426693127,0.3905817174515236,0.6143497757847534,0.5024657466181385,None,None,1.0,None,None,1.0,0.5813953488372093,0.7227564102564102,0.6520758795468098,0.8044139638013716,0.8044139638013716,0.8586389385807991,0.8586389385807991,0.7064846416382252,0.6706586826347305,0.6885716621364779,1.0534190638712824,1.0534190638712824,1.0358259590034948,1.0358259590034948,0.704,0.671875,0.6879375,None,None,1.0,None,None,1.0,0.22388059701492538,0.3468599033816425,0.28537025019828394,0.6454496320625286,0.6454496320625286,0.8770206936332828,0.8770206936332828,0.3247753530166881,0.31679389312977096,0.3207846230732295,1.0251944878358106,1.0251944878358106,1.007981459886917,1.007981459886917,0.3182844243792325,0.328537170263789,0.32341079732151073,None,None,1.0,None,None,1.0
Feldman-SVM-DIavgall,lambda=0.85,1,0.6872568093385214,0.5587301587301587,0.7965796579657966,0.6776549083479777,0.3674421514123838,0.8705919395465994,0.8705919395465994,0.9513257204804569,0.7204030226700252,0.679324894514768,0.6998639585923966,1.0604690457937638,1.0604690457937638,1.0410781281552572,1.0410781281552572,0.6915750915750916,0.678726483357453,0.6851507874662723,1.0189304654123417,1.0189304654123417,1.0128486082176384,1.0128486082176384,0.6942422236929185,0.6678899082568808,0.6810660659748997,None,None,1.0,None,None,1.0,0.5703703703703704,0.5567901234567901,0.5635802469135802,1.024390243902439,1.024390243902439,1.0135802469135804,1.0135802469135804,0.6206896551724138,0.41007194244604317,0.5153807988092285,1.5136116152450092,1.5136116152450092,1.2106177127263706,1.2106177127263706,0.610803324099723,0.3901345291479821,0.5004689266238526,None,None,1.0,None,None,1.0,0.7977099236641222,0.7962308598351001,0.7969703917496112,1.001857581643254,1.001857581643254,1.001479063829022,1.001479063829022,0.7593123209169055,0.8595641646489104,0.8094382427829079,0.8833689817991042,0.8833689817991042,0.8997481562679951,0.8997481562679951,0.770595690747782,0.860248447204969,0.8154220689763755,None,None,1.0,None,None,1.0,0.2022900763358778,0.2037691401648999,0.20302960825038885,0.9927414728853194,0.9927414728853194,0.9985209361709779,0.9985209361709779,0.24068767908309452,0.1404358353510896,0.19056175721709206,1.7138622665744487,1.7138622665744487,1.1002518437320048,1.1002518437320048,0.229404309252218,0.13975155279503104,0.18457793102362452,None,None,1.0,None,None,1.0,0.4296296296296296,0.44320987654320987,0.4364197530864197,0.969359331476323,0.969359331476323,0.9864197530864197,0.9864197530864197,0.3793103448275862,0.5899280575539568,0.4846192011907715,0.6429772918418839,0.6429772918418839,0.7893822872736294,0.7893822872736294,0.38919667590027696,0.6098654708520179,0.49953107337614744,None,None,1.0,None,None,1.0,0.5923076923076923,0.7227564102564102,0.6575320512820513,0.8195121951219513,0.8195121951219513,0.8695512820512821,0.8695512820512821,0.711340206185567,0.6627906976744186,0.6870654519299928,1.0732501356483994,1.0732501356483994,1.0485495085111485,1.0485495085111485,0.7090032154340836,0.6590909090909091,0.6840470622624963,None,None,1.0,None,None,1.0,0.21722846441947566,0.3468599033816425,0.2820441839005591,0.6262714782009953,0.6262714782009953,0.8703685610378331,0.8703685610378331,0.3231162196679438,0.3159922928709056,0.3195542562694247,1.0225446219979442,1.0225446219979442,1.0071239267970382,1.0071239267970382,0.3160854893138358,0.32929782082324455,0.32269165506854014,None,None,1.0,None,None,1.0
Feldman-SVM-DIavgall,lambda=0.9,1,0.6853112840466926,0.564021164021164,0.7884788478847885,0.6762500059529762,0.3631562544543396,0.8673066869445368,0.8673066869445368,0.9491302307997139,0.7204030226700252,0.676913803496082,0.6986584130830535,1.0642463175508208,1.0642463175508208,1.043489219173943,1.043489219173943,0.6879120879120879,0.6801736613603473,0.6840428746362176,1.0113771335047932,1.0113771335047932,1.0077384265517406,1.0077384265517406,0.6909331568497684,0.6697247706422018,0.6803289637459851,None,None,1.0,None,None,1.0,0.5777777777777777,0.5617283950617284,0.5697530864197531,1.0285714285714285,1.0285714285714285,1.0160493827160493,1.0160493827160493,0.6251874062968515,0.4172661870503597,0.5212267966736056,1.4982939564700408,1.4982939564700408,1.2079212192464919,1.2079212192464919,0.6149584487534626,0.3991031390134529,0.5070307938834577,None,None,1.0,None,None,1.0,0.7938931297709924,0.7868080094228505,0.7903505695969214,1.009004890981396,1.009004890981396,1.007085120348142,1.007085120348142,0.7478510028653295,0.8571428571428571,0.8024969300040933,0.8724928366762178,0.8724928366762178,0.8907081457224724,0.8907081457224724,0.7604562737642585,0.8571428571428571,0.8087995654535578,None,None,1.0,None,None,1.0,0.20610687022900764,0.21319199057714955,0.2096494304030786,0.9667664796929697,0.9667664796929697,0.9929148796518581,0.9929148796518581,0.25214899713467054,0.1428571428571429,0.19750306999590672,1.7650429799426932,1.7650429799426932,1.1092918542775276,1.1092918542775276,0.2395437262357415,0.1428571428571429,0.1912004345464422,None,None,1.0,None,None,1.0,0.4222222222222223,0.43827160493827155,0.4302469135802469,0.9633802816901411,0.9633802816901411,0.9839506172839507,0.9839506172839507,0.37481259370314846,0.5827338129496402,0.47877320332639434,0.6431969200584894,0.6431969200584894,0.7920787807535082,0.7920787807535082,0.3850415512465374,0.600896860986547,0.4929692061165422,None,None,1.0,None,None,1.0,0.5909090909090909,0.7154088050314465,0.6531589479702687,0.825974025974026,0.825974025974026,0.8755002858776444,0.8755002858776444,0.7032040472175379,0.6628571428571428,0.6830305950373403,1.0608681746816306,1.0608681746816306,1.040346904360395,1.040346904360395,0.7014218009478673,0.6592592592592592,0.6803405301035632,None,None,1.0,None,None,1.0,0.21509433962264152,0.34701857282502446,0.281056456223833,0.6198352378421472,0.6198352378421472,0.8680757667976171,0.8680757667976171,0.3238341968911917,0.313953488372093,0.31889384263164233,1.031471886394166,1.031471886394166,1.0098807085190986,1.0098807085190986,0.31662870159453305,0.32682926829268294,0.321728984943608,None,None,1.0,None,None,1.0
Feldman-SVM-DIavgall,lambda=0.95,1,0.6867704280155642,0.5671957671957671,0.7884788478847885,0.6778373075402778,0.3661398936406512,0.8790655188640076,0.8790655188640076,0.9535652414203574,0.7204030226700252,0.6787221217600965,0.6995625722150609,1.061410847788252,1.061410847788252,1.0416809009099288,1.0416809009099288,0.6893772893772894,0.6816208393632417,0.6854990643702655,1.0113794202966178,1.0113794202966178,1.0077564500140477,1.0077564500140477,0.6922567835870285,0.671559633027523,0.6819082083072757,None,None,1.0,None,None,1.0,0.5851851851851851,0.5641975308641975,0.5746913580246913,1.037199124726477,1.037199124726477,1.0209876543209875,1.0209876543209875,0.6266866566716641,0.4244604316546763,0.5255735441631701,1.4764312758874798,1.4764312758874798,1.2022262250169877,1.2022262250169877,0.6177285318559557,0.40358744394618834,0.510657987901072,None,None,1.0,None,None,1.0,0.7900763358778626,0.7879858657243817,0.7890311008011222,1.0026529284907404,1.0026529284907404,1.002090470153481,1.002090470153481,0.7492836676217765,0.8547215496368039,0.8020026086292902,0.8766406649512568,0.8766406649512568,0.8945621179849725,0.8945621179849725,0.7604562737642585,0.8571428571428571,0.8087995654535578,None,None,1.0,None,None,1.0,0.20992366412213737,0.21201413427561833,0.21096889919887785,0.9901399491094148,0.9901399491094148,0.997909529846519,0.997909529846519,0.25071633237822355,0.1452784503631961,0.19799739137070982,1.725764087870106,1.725764087870106,1.1054378820150275,1.1054378820150275,0.2395437262357415,0.1428571428571429,0.1912004345464422,None,None,1.0,None,None,1.0,0.41481481481481486,0.43580246913580245,0.42530864197530865,0.9518413597733713,0.9518413597733713,0.9790123456790124,0.9790123456790124,0.3733133433283359,0.5755395683453237,0.4744264558368298,0.6486319340329836,0.6486319340329836,0.7977737749830122,0.7977737749830122,0.38227146814404434,0.5964125560538116,0.48934201209892797,None,None,1.0,None,None,1.0,0.5895522388059702,0.717425431711146,0.6534888352585582,0.8217609980730919,0.8217609980730919,0.8721268070948242,0.8721268070948242,0.7048903878583473,0.6629213483146067,0.683905868086477,1.0633092291422528,1.0633092291422528,1.0419690395437406,1.0419690395437406,0.7023622047244095,0.6617647058823529,0.6820634553033812,None,None,1.0,None,None,1.0,0.21292775665399238,0.34540117416829746,0.2791644654111449,0.6164650631738816,0.6164650631738816,0.8675265824856949,0.8675265824856949,0.3225388601036269,0.31189083820662766,0.3172148491551273,1.0341402202072538,1.0341402202072538,1.0106480218969993,1.0106480218969993,0.3150684931506849,0.3251833740831296,0.3201259336169072,None,None,1.0,None,None,1.0
Feldman-SVM-DIavgall,lambda=1.0,1,0.6867704280155642,0.5671957671957671,0.7884788478847885,0.6778373075402778,0.3661398936406512,0.8790655188640076,0.8790655188640076,0.9535652414203574,0.7204030226700252,0.6787221217600965,0.6995625722150609,1.061410847788252,1.061410847788252,1.0416809009099288,1.0416809009099288,0.6893772893772894,0.6816208393632417,0.6854990643702655,1.0113794202966178,1.0113794202966178,1.0077564500140477,1.0077564500140477,0.6922567835870285,0.671559633027523,0.6819082083072757,None,None,1.0,None,None,1.0,0.5851851851851851,0.5641975308641975,0.5746913580246913,1.037199124726477,1.037199124726477,1.0209876543209875,1.0209876543209875,0.6266866566716641,0.4244604316546763,0.5255735441631701,1.4764312758874798,1.4764312758874798,1.2022262250169877,1.2022262250169877,0.6177285318559557,0.40358744394618834,0.510657987901072,None,None,1.0,None,None,1.0,0.7900763358778626,0.7879858657243817,0.7890311008011222,1.0026529284907404,1.0026529284907404,1.002090470153481,1.002090470153481,0.7492836676217765,0.8547215496368039,0.8020026086292902,0.8766406649512568,0.8766406649512568,0.8945621179849725,0.8945621179849725,0.7604562737642585,0.8571428571428571,0.8087995654535578,None,None,1.0,None,None,1.0,0.20992366412213737,0.21201413427561833,0.21096889919887785,0.9901399491094148,0.9901399491094148,0.997909529846519,0.997909529846519,0.25071633237822355,0.1452784503631961,0.19799739137070982,1.725764087870106,1.725764087870106,1.1054378820150275,1.1054378820150275,0.2395437262357415,0.1428571428571429,0.1912004345464422,None,None,1.0,None,None,1.0,0.41481481481481486,0.43580246913580245,0.42530864197530865,0.9518413597733713,0.9518413597733713,0.9790123456790124,0.9790123456790124,0.3733133433283359,0.5755395683453237,0.4744264558368298,0.6486319340329836,0.6486319340329836,0.7977737749830122,0.7977737749830122,0.38227146814404434,0.5964125560538116,0.48934201209892797,None,None,1.0,None,None,1.0,0.5895522388059702,0.717425431711146,0.6534888352585582,0.8217609980730919,0.8217609980730919,0.8721268070948242,0.8721268070948242,0.7048903878583473,0.6629213483146067,0.683905868086477,1.0633092291422528,1.0633092291422528,1.0419690395437406,1.0419690395437406,0.7023622047244095,0.6617647058823529,0.6820634553033812,None,None,1.0,None,None,1.0,0.21292775665399238,0.34540117416829746,0.2791644654111449,0.6164650631738816,0.6164650631738816,0.8675265824856949,0.8675265824856949,0.3225388601036269,0.31189083820662766,0.3172148491551273,1.0341402202072538,1.0341402202072538,1.0106480218969993,1.0106480218969993,0.3150684931506849,0.3251833740831296,0.3201259336169072,None,None,1.0,None,None,1.0
Feldman-SVM-DIavgall,lambda=0.0,2,0.6853112840466926,0.5525210084033614,0.7998188405797102,0.6761699244915358,0.3652873649953164,0.6700000795880522,0.6700000795880522,0.8721176073268637,0.7095115681233933,0.6796640671865627,0.694587817654978,1.0439150786069697,1.0439150786069697,1.0298475009368306,1.0298475009368306,0.6922519913106444,0.6711111111111111,0.6816815512108778,1.031501311555596,1.031501311555596,1.0211408801995332,1.0211408801995332,0.6902423051735429,0.6710775047258979,0.6806599049497204,None,None,1.0,None,None,1.0,0.4552238805970149,0.5684596577017115,0.5118417691493632,0.8008024394158241,0.8008024394158241,0.8867642228953034,0.8867642228953034,0.631578947368421,0.35074626865671643,0.4911626080125687,1.8006718924972003,1.8006718924972003,1.2808326787117046,1.2808326787117046,0.6048714479025711,0.37089201877934275,0.4878817333409569,None,None,1.0,None,None,1.0,0.8431372549019608,0.7868080094228505,0.8149726321624056,1.0715921098978514,1.0715921098978514,1.0563292454791102,1.0563292454791102,0.7517934002869441,0.8820638820638821,0.8169286411754131,0.8523117379297667,0.8523117379297667,0.869729518223062,0.869729518223062,0.7703045685279187,0.8734177215189873,0.821861145023453,None,None,1.0,None,None,1.0,0.1568627450980392,0.21319199057714955,0.18502736783759438,0.7357816054598636,0.7357816054598636,0.9436707545208897,0.9436707545208897,0.24820659971305592,0.11793611793611791,0.18307135882458692,2.10458512673362,2.10458512673362,1.130270481776938,1.130270481776938,0.22969543147208127,0.12658227848101267,0.17813885497654697,None,None,1.0,None,None,1.0,0.5447761194029851,0.4315403422982885,0.4881582308506368,1.2623990528941693,1.2623990528941693,1.1132357771046966,1.1132357771046966,0.368421052631579,0.6492537313432836,0.5088373919874313,0.5674531155474895,0.5674531155474895,0.7191673212882954,0.7191673212882954,0.3951285520974289,0.6291079812206573,0.5121182666590431,None,None,1.0,None,None,1.0,0.6039603960396039,0.7198142414860681,0.661887318762836,0.8390503566485681,0.8390503566485681,0.8841461545535358,0.8841461545535358,0.7140495867768595,0.6619718309859155,0.6880107088813875,1.0786706523650431,1.0786706523650431,1.052077755790944,1.052077755790944,0.7117834394904459,0.6638655462184874,0.6878244928544666,None,None,1.0,None,None,1.0,0.2534722222222222,0.34573947110675807,0.29960584666449014,0.7331307050676739,0.7331307050676739,0.9077327511154641,0.9077327511154641,0.3247422680412371,0.32645403377110693,0.32559815090617206,0.9947564877355137,0.9947564877355137,0.9982882342701302,0.9982882342701302,0.3248053392658509,0.32682926829268294,0.32581730377926693,None,None,1.0,None,None,1.0
Feldman-SVM-DIavgall,lambda=0.05,2,0.6853112840466926,0.5525210084033614,0.7998188405797102,0.6761699244915358,0.3652873649953164,0.6700000795880522,0.6700000795880522,0.8721176073268637,0.7095115681233933,0.6796640671865627,0.694587817654978,1.0439150786069697,1.0439150786069697,1.0298475009368306,1.0298475009368306,0.6922519913106444,0.6711111111111111,0.6816815512108778,1.031501311555596,1.031501311555596,1.0211408801995332,1.0211408801995332,0.6902423051735429,0.6710775047258979,0.6806599049497204,None,None,1.0,None,None,1.0,0.4552238805970149,0.5684596577017115,0.5118417691493632,0.8008024394158241,0.8008024394158241,0.8867642228953034,0.8867642228953034,0.631578947368421,0.35074626865671643,0.4911626080125687,1.8006718924972003,1.8006718924972003,1.2808326787117046,1.2808326787117046,0.6048714479025711,0.37089201877934275,0.4878817333409569,None,None,1.0,None,None,1.0,0.8431372549019608,0.7868080094228505,0.8149726321624056,1.0715921098978514,1.0715921098978514,1.0563292454791102,1.0563292454791102,0.7517934002869441,0.8820638820638821,0.8169286411754131,0.8523117379297667,0.8523117379297667,0.869729518223062,0.869729518223062,0.7703045685279187,0.8734177215189873,0.821861145023453,None,None,1.0,None,None,1.0,0.1568627450980392,0.21319199057714955,0.18502736783759438,0.7357816054598636,0.7357816054598636,0.9436707545208897,0.9436707545208897,0.24820659971305592,0.11793611793611791,0.18307135882458692,2.10458512673362,2.10458512673362,1.130270481776938,1.130270481776938,0.22969543147208127,0.12658227848101267,0.17813885497654697,None,None,1.0,None,None,1.0,0.5447761194029851,0.4315403422982885,0.4881582308506368,1.2623990528941693,1.2623990528941693,1.1132357771046966,1.1132357771046966,0.368421052631579,0.6492537313432836,0.5088373919874313,0.5674531155474895,0.5674531155474895,0.7191673212882954,0.7191673212882954,0.3951285520974289,0.6291079812206573,0.5121182666590431,None,None,1.0,None,None,1.0,0.6039603960396039,0.7198142414860681,0.661887318762836,0.8390503566485681,0.8390503566485681,0.8841461545535358,0.8841461545535358,0.7140495867768595,0.6619718309859155,0.6880107088813875,1.0786706523650431,1.0786706523650431,1.052077755790944,1.052077755790944,0.7117834394904459,0.6638655462184874,0.6878244928544666,None,None,1.0,None,None,1.0,0.2534722222222222,0.34573947110675807,0.29960584666449014,0.7331307050676739,0.7331307050676739,0.9077327511154641,0.9077327511154641,0.3247422680412371,0.32645403377110693,0.32559815090617206,0.9947564877355137,0.9947564877355137,0.9982882342701302,0.9982882342701302,0.3248053392658509,0.32682926829268294,0.32581730377926693,None,None,1.0,None,None,1.0
Feldman-SVM-DIavgall,lambda=0.1,2,0.6843385214007782,0.5514705882352942,0.7989130434782609,0.6751918158567776,0.3632592621457453,0.6700000795880522,0.6700000795880522,0.8721176073268637,0.7095115681233933,0.6784643071385723,0.6939879376309828,1.0457610822826673,1.0457610822826673,1.031047260984821,1.031047260984821,0.6908037653874004,0.6711111111111111,0.6809574382492558,1.0293433590209609,1.0293433590209609,1.0196926542762892,1.0196926542762892,0.6889325474787165,0.6710775047258979,0.6800050261023072,None,None,1.0,None,None,1.0,0.4552238805970149,0.5672371638141809,0.511230522205598,0.8025283067421514,0.8025283067421514,0.887986716782834,0.887986716782834,0.6301169590643275,0.35074626865671643,0.490431613860522,1.7965036705238273,1.7965036705238273,1.2793706904076112,1.2793706904076112,0.6035182679296346,0.37089201877934275,0.48720514335448867,None,None,1.0,None,None,1.0,0.8431372549019608,0.7856301531213192,0.81438370401164,1.0731986947702619,1.0731986947702619,1.0575071017806414,1.0575071017806414,0.7503586800573888,0.8820638820638821,0.8162112810606355,0.8506851888115801,0.8506851888115801,0.8682947979935067,0.8682947979935067,0.7690355329949239,0.8734177215189873,0.8212266272569556,None,None,1.0,None,None,1.0,0.1568627450980392,0.21436984687868077,0.18561629598836,0.7317388493859083,0.7317388493859083,0.9424928982193584,0.9424928982193584,0.24964131994261118,0.11793611793611791,0.18378871893936455,2.116750358680058,2.116750358680058,1.1317052020064933,1.1317052020064933,0.2309644670050761,0.12658227848101267,0.1787733727430444,None,None,1.0,None,None,1.0,0.5447761194029851,0.4327628361858191,0.4887694777944021,1.2588329538746943,1.2588329538746943,1.1120132832171659,1.1120132832171659,0.3698830409356725,0.6492537313432836,0.509568386139478,0.5697049136250588,0.5697049136250588,0.7206293095923889,0.7206293095923889,0.3964817320703654,0.6291079812206573,0.5127948566455114,None,None,1.0,None,None,1.0,0.6039603960396039,0.718266253869969,0.6611133249547865,0.8408586548310003,0.8408586548310003,0.8856941421696349,0.8856941421696349,0.7123966942148761,0.6619718309859155,0.6871842626003958,1.0761737295586427,1.0761737295586427,1.0504248632289606,1.0504248632289606,0.7101910828025477,0.6638655462184874,0.6870283145105176,None,None,1.0,None,None,1.0,0.2534722222222222,0.346718903036239,0.3000955626292306,0.7310597143753923,0.7310597143753923,0.9067533191859832,0.9067533191859832,0.32603092783505155,0.32645403377110693,0.32624248080307927,0.9987039341154166,0.9987039341154166,0.9995768940639447,0.9995768940639447,0.3259176863181313,0.32682926829268294,0.3263734773054071,None,None,1.0,None,None,1.0
Feldman-SVM-DIavgall,lambda=0.15,2,0.686284046692607,0.5546218487394958,0.7998188405797102,0.677220344659603,0.36725513829636725,0.6679321781078422,0.6679321781078422,0.8709178472788732,0.7095115681233933,0.6808638272345531,0.6951876976789733,1.0420755806710984,1.0420755806710984,1.0286477408888404,1.0286477408888404,0.6937002172338885,0.6711111111111111,0.6824056641724998,1.0336592640902313,1.0336592640902313,1.0225891061227774,1.0225891061227774,0.6915520628683693,0.6710775047258979,0.6813147837971336,None,None,1.0,None,None,1.0,0.4552238805970149,0.5709046454767727,0.5130642630368938,0.7973728786474479,0.7973728786474479,0.8843192351202422,0.8843192351202422,0.631578947368421,0.3582089552238806,0.49489395129615077,1.763157894736842,1.763157894736842,1.2733699921445405,1.2733699921445405,0.6048714479025711,0.38028169014084506,0.4925765690217081,None,None,1.0,None,None,1.0,0.8431372549019608,0.7868080094228505,0.8149726321624056,1.0715921098978514,1.0715921098978514,1.0563292454791102,1.0563292454791102,0.7546628407460545,0.8771498771498771,0.8159063589479658,0.8603579164807961,0.8603579164807961,0.8775129635961774,0.8775129635961774,0.7728426395939086,0.8670886075949367,0.8199656235944226,None,None,1.0,None,None,1.0,0.1568627450980392,0.21319199057714955,0.18502736783759438,0.7357816054598636,0.7357816054598636,0.9436707545208897,0.9436707545208897,0.2453371592539455,0.12285012285012287,0.18409364105203418,1.997044476327116,1.997044476327116,1.1224870364038226,1.1224870364038226,0.22715736040609136,0.13291139240506333,0.18003437640557735,None,None,1.0,None,None,1.0,0.5447761194029851,0.42909535452322733,0.4869357369631062,1.2695922098907175,1.2695922098907175,1.1156807648797578,1.1156807648797578,0.368421052631579,0.6417910447761195,0.5051060487038492,0.5740514075887393,0.5740514075887393,0.7266300078554595,0.7266300078554595,0.3951285520974289,0.619718309859155,0.5074234309782919,None,None,1.0,None,None,1.0,0.6039603960396039,0.720679012345679,0.6623197041926414,0.8380435473954247,0.8380435473954247,0.883281383693925,0.883281383693925,0.7164179104477612,0.6575342465753424,0.6869760785115517,1.0895522388059702,1.0895522388059702,1.0588836638724186,1.0588836638724186,0.7140575079872205,0.6585365853658537,0.686297046676537,None,None,1.0,None,None,1.0,0.2534722222222222,0.34445534838076547,0.2989637853014938,0.735863801836024,0.735863801836024,0.9090168738414568,0.9090168738414568,0.32390745501285345,0.32514177693761814,0.3245246159752358,0.9962037424523226,0.9962037424523226,0.9987656780752353,0.9987656780752353,0.32408435072142067,0.3251231527093596,0.32460375171539013,None,None,1.0,None,None,1.0
Feldman-SVM-DIavgall,lambda=0.2,2,0.686284046692607,0.5483193277310925,0.8052536231884058,0.6767864754597491,0.3676426622526706,0.6805346720344053,0.6805346720344053,0.8781164075668157,0.7095115681233933,0.6808638272345531,0.6951876976789733,1.0420755806710984,1.0420755806710984,1.0286477408888404,1.0286477408888404,0.6929761042722665,0.6725925925925926,0.6827843484324296,1.0303058819025988,1.0303058819025988,1.020383511679674,1.020383511679674,0.6908971840209561,0.6729678638941399,0.681932523957548,None,None,1.0,None,None,1.0,0.4552238805970149,0.5635696821515892,0.5093967813743021,0.8077508336840742,0.8077508336840742,0.8916541984454257,0.8916541984454257,0.6242690058479532,0.35447761194029853,0.4893733088941259,1.7610957217605416,1.7610957217605416,1.2697913939076546,1.2697913939076546,0.5981055480378891,0.3755868544600939,0.4868462012489915,None,None,1.0,None,None,1.0,0.8431372549019608,0.7938751472320377,0.8185062010669992,1.0620527142607785,1.0620527142607785,1.0492621076699231,1.0492621076699231,0.7604017216642754,0.8820638820638821,0.8212328018640788,0.8620710326388861,0.8620710326388861,0.8783378396003934,0.8783378396003934,0.7779187817258884,0.8734177215189873,0.8256682516224378,None,None,1.0,None,None,1.0,0.1568627450980392,0.20612485276796233,0.18149379893300077,0.7610084033613445,0.7610084033613445,0.9507378923300769,0.9507378923300769,0.23959827833572456,0.11793611793611791,0.17876719813592123,2.031593735054998,2.031593735054998,1.1216621603996066,1.1216621603996066,0.22208121827411165,0.12658227848101267,0.17433174837756216,None,None,1.0,None,None,1.0,0.5447761194029851,0.4364303178484108,0.49060321862569795,1.2482545256908733,1.2482545256908733,1.1083458015545742,1.1083458015545742,0.3757309941520468,0.6455223880597014,0.5106266911058741,0.5820572626170437,0.5820572626170437,0.7302086060923454,0.7302086060923454,0.40189445196211093,0.6244131455399061,0.5131537987510085,None,None,1.0,None,None,1.0,0.6039603960396039,0.7248427672955975,0.6644015816676008,0.833229526857241,0.833229526857241,0.8791176287440065,0.8791176287440065,0.7188552188552189,0.6643356643356644,0.6915954415954416,1.0820662768031188,1.0820662768031188,1.0545195545195545,1.0545195545195545,0.7163695299837926,0.6666666666666666,0.6915180983252296,None,None,1.0,None,None,1.0,0.2534722222222222,0.34626576139670223,0.29986899180946225,0.7320164176781824,0.7320164176781824,0.9072064608255199,0.9072064608255199,0.32655654383735705,0.325187969924812,0.32587225688108457,1.0042085625518726,1.0042085625518726,1.001368573912545,1.001368573912545,0.3263736263736264,0.3251833740831296,0.32577850022837795,None,None,1.0,None,None,1.0
Feldman-SVM-DIavgall,lambda=0.25,2,0.6848249027237354,0.5462184873949579,0.8043478260869565,0.6752831567409572,0.3646257368571442,0.6816063801793414,0.6816063801793414,0.8787162875908109,0.7095115681233933,0.6790641871625674,0.6942878776429804,1.0448372650721702,1.0448372650721702,1.0304473809608259,1.0304473809608259,0.6915278783490224,0.6711111111111111,0.6813194947300667,1.0304223352882784,1.0304223352882784,1.0204167672379114,1.0204167672379114,0.6895874263261297,0.6710775047258979,0.6803324655260138,None,None,1.0,None,None,1.0,0.4552238805970149,0.5611246943765281,0.5081742874867715,0.8112704451598217,0.8112704451598217,0.8940991862204868,0.8940991862204868,0.6228070175438597,0.35074626865671643,0.48677664310028806,1.7756625606569616,1.7756625606569616,1.2720607488871432,1.2720607488871432,0.5967523680649527,0.37089201877934275,0.4838221934221477,None,None,1.0,None,None,1.0,0.8431372549019608,0.7926972909305064,0.8179172729162336,1.063630801503365,1.063630801503365,1.0504399639714543,1.0504399639714543,0.7589670014347202,0.8820638820638821,0.8205154417493011,0.8604444835206995,0.8604444835206995,0.8769031193708381,0.8769031193708381,0.7766497461928934,0.8734177215189873,0.8250337338559404,None,None,1.0,None,None,1.0,0.1568627450980392,0.20730270906949355,0.18208272708376638,0.7566844919786095,0.7566844919786095,0.9495600360285457,0.9495600360285457,0.24103299856527982,0.11793611793611791,0.17948455825069887,2.0437589670014358,2.0437589670014358,1.123096880629162,1.123096880629162,0.2233502538071066,0.12658227848101267,0.17496626614405963,None,None,1.0,None,None,1.0,0.5447761194029851,0.4388753056234719,0.4918257125132285,1.2413004614808965,1.2413004614808965,1.1059008137795132,1.1059008137795132,0.3771929824561403,0.6492537313432836,0.513223356899712,0.5809639040129058,0.5809639040129058,0.7279392511128567,0.7279392511128567,0.4032476319350473,0.6291079812206573,0.5161778065778523,None,None,1.0,None,None,1.0,0.6039603960396039,0.7228346456692913,0.6633975208544476,0.8355443387476003,0.8355443387476003,0.8811257503703126,0.8811257503703126,0.7171717171717171,0.6619718309859155,0.6895717740788163,1.0833870621104662,1.0833870621104662,1.0551998861858016,1.0551998861858016,0.7147487844408428,0.6638655462184874,0.6893071653296651,None,None,1.0,None,None,1.0,0.2534722222222222,0.3478682170542636,0.3006702196382429,0.7286443825441039,0.7286443825441039,0.9056040051679586,0.9056040051679586,0.3278271918678526,0.32645403377110693,0.32714061281947976,1.0042062831354335,1.0042062831354335,1.0013731580967455,1.0013731580967455,0.3274725274725275,0.32682926829268294,0.3271508978826052,None,None,1.0,None,None,1.0
Feldman-SVM-DIavgall,lambda=0.3,2,0.6867704280155642,0.5273109243697479,0.8242753623188406,0.6757931433442943,0.37047666998055473,0.6773843080726638,0.6773843080726638,0.8836880438822261,0.7095115681233933,0.6814637072585483,0.6954876376909709,1.0411582606176908,1.0411582606176908,1.0280478608648451,1.0280478608648451,0.6937002172338885,0.6725925925925926,0.6831464049132405,1.0313824815702086,1.0313824815702086,1.0211076246412958,1.0211076246412958,0.6928618205631958,0.6691871455576559,0.6810244830604258,None,None,1.0,None,None,1.0,0.43283582089552236,0.5427872860635696,0.48781155347954597,0.7974317601183273,0.7974317601183273,0.8900485348319527,0.8900485348319527,0.6008771929824561,0.33955223880597013,0.47021471589421315,1.769616348563717,1.769616348563717,1.261324954176486,1.261324954176486,0.577807848443843,0.352112676056338,0.4649602622500905,None,None,1.0,None,None,1.0,0.8549019607843137,0.8150765606595995,0.8349892607219567,1.0488609316558992,1.0488609316558992,1.0398254001247142,1.0398254001247142,0.7847919655667145,0.8918918918918919,0.8383419287293032,0.8799182644232859,0.8799182644232859,0.8929000736748226,0.8929000736748226,0.800761421319797,0.8829113924050633,0.8418364068624302,None,None,1.0,None,None,1.0,0.14509803921568631,0.18492343934040045,0.16501073927804338,0.784638441363807,0.784638441363807,0.9601745998752859,0.9601745998752859,0.2152080344332855,0.10810810810810811,0.1616580712706968,1.9906743185078908,1.9906743185078908,1.1070999263251773,1.1070999263251773,0.199238578680203,0.11708860759493667,0.15816359313756984,None,None,1.0,None,None,1.0,0.5671641791044777,0.45721271393643037,0.512188446520454,1.2404820815707558,1.2404820815707558,1.1099514651680473,1.1099514651680473,0.3991228070175439,0.6604477611940298,0.5297852841057868,0.6043215383090496,0.6043215383090496,0.7386750458235141,0.7386750458235141,0.42219215155615697,0.647887323943662,0.5350397377499094,None,None,1.0,None,None,1.0,0.6105263157894737,0.7387687188019967,0.6746475172957351,0.8264106211474632,0.8264106211474632,0.871757596987477,0.871757596987477,0.732620320855615,0.674074074074074,0.7033471974648445,1.08685432214844,1.08685432214844,1.058546246781541,1.058546246781541,0.7311643835616438,0.6696428571428571,0.7004036203522505,None,None,1.0,None,None,1.0,0.2585034013605442,0.350844277673546,0.3046738395170451,0.7368038124340646,0.7368038124340646,0.9076591236869982,0.9076591236869982,0.3329268292682927,0.3277777777777778,0.33035230352303524,1.0157089706490285,1.0157089706490285,1.0051490514905148,1.0051490514905148,0.33085896076352067,0.33093525179856115,0.3308971062810409,None,None,1.0,None,None,1.0
Feldman-SVM-DIavgall,lambda=0.35,2,0.6872568093385214,0.5273109243697479,0.8251811594202898,0.6762460418950189,0.37156167679969737,0.6785132819194516,0.6785132819194516,0.8842879239062214,0.7095115681233933,0.6820635872825435,0.6957875777029684,1.0402425541439726,1.0402425541439726,1.0274479808408499,1.0274479808408499,0.6944243301955105,0.6725925925925926,0.6835084613940516,1.0324590812378185,1.0324590812378185,1.021831737602918,1.021831737602918,0.693516699410609,0.6691871455576559,0.6813519224841325,None,None,1.0,None,None,1.0,0.43283582089552236,0.5427872860635696,0.48781155347954597,0.7974317601183273,0.7974317601183273,0.8900485348319527,0.8900485348319527,0.6008771929824561,0.33955223880597013,0.47021471589421315,1.769616348563717,1.769616348563717,1.261324954176486,1.261324954176486,0.577807848443843,0.352112676056338,0.4649602622500905,None,None,1.0,None,None,1.0,0.8549019607843137,0.8162544169611308,0.8355781888727223,1.047347423818012,1.047347423818012,1.038647543823183,1.038647543823183,0.7862266857962698,0.8918918918918919,0.8390592888440809,0.8815268901352116,0.8815268901352116,0.8943347939043779,0.8943347939043779,0.8020304568527918,0.8829113924050633,0.8424709246289276,None,None,1.0,None,None,1.0,0.14509803921568631,0.18374558303886923,0.16442181112727777,0.7896681749622929,0.7896681749622929,0.9613524561768171,0.9613524561768171,0.21377331420373025,0.10810810810810811,0.16094071115591918,1.9774031563845047,1.9774031563845047,1.105665206095622,1.105665206095622,0.19796954314720816,0.11708860759493667,0.1575290753710724,None,None,1.0,None,None,1.0,0.5671641791044777,0.45721271393643037,0.512188446520454,1.2404820815707558,1.2404820815707558,1.1099514651680473,1.1099514651680473,0.3991228070175439,0.6604477611940298,0.5297852841057868,0.6043215383090496,0.6043215383090496,0.7386750458235141,0.7386750458235141,0.42219215155615697,0.647887323943662,0.5350397377499094,None,None,1.0,None,None,1.0,0.6105263157894737,0.74,0.6752631578947368,0.8250355618776671,0.8250355618776671,0.8705263157894737,0.8705263157894737,0.7339285714285714,0.674074074074074,0.7040013227513227,1.0887951334379906,1.0887951334379906,1.0598544973544972,1.0598544973544972,0.7324185248713551,0.6696428571428571,0.701030691007106,None,None,1.0,None,None,1.0,0.2585034013605442,0.35051546391752575,0.30450943263903496,0.7374949979991997,0.7374949979991997,0.9079879374430184,0.9079879374430184,0.3325213154689403,0.3277777777777778,0.33014954662335905,1.0144718099052417,1.0144718099052417,1.0047435376911626,1.0047435376911626,0.3305084745762712,0.33093525179856115,0.33072186318741614,None,None,1.0,None,None,1.0
Feldman-SVM-DIavgall,lambda=0.4,2,0.6872568093385214,0.5273109243697479,0.8251811594202898,0.6762460418950189,0.37156167679969737,0.6868001939822583,0.6868001939822583,0.8874584980176201,0.712082262210797,0.6814637072585483,0.6967729847346726,1.0449305731561607,1.0449305731561607,1.0306185549522486,1.0306185549522486,0.6973207820419985,0.6666666666666666,0.6819937243543326,1.045981173062998,1.045981173062998,1.030654115375332,1.030654115375332,0.696136214800262,0.6616257088846881,0.678880961842475,None,None,1.0,None,None,1.0,0.44029850746268656,0.5415647921760391,0.4909316498193629,0.8130116909807621,0.8130116909807621,0.8987337152866475,0.8987337152866475,0.6038011695906432,0.332089552238806,0.4679453609147246,1.818187791576319,1.818187791576319,1.2717116173518372,1.2717116173518372,0.5805142083897158,0.3427230046948357,0.4616186065422757,None,None,1.0,None,None,1.0,0.8549019607843137,0.8162544169611308,0.8355781888727223,1.047347423818012,1.047347423818012,1.038647543823183,1.038647543823183,0.7890961262553802,0.8869778869778869,0.8380370066166336,0.8896457711521877,0.8896457711521877,0.9021182392774932,0.9021182392774932,0.8045685279187818,0.8765822784810127,0.8405754031998972,None,None,1.0,None,None,1.0,0.14509803921568631,0.18374558303886923,0.16442181112727777,0.7896681749622929,0.7896681749622929,0.9613524561768171,0.9613524561768171,0.21090387374461983,0.11302211302211307,0.16196299338336645,1.8660407959578311,1.8660407959578311,1.0978817607225069,1.0978817607225069,0.19543147208121825,0.12341772151898733,0.1594245968001028,None,None,1.0,None,None,1.0,0.5597014925373134,0.45843520782396086,0.5090683501806371,1.2208955223880598,1.2208955223880598,1.1012662847133525,1.1012662847133525,0.3961988304093568,0.667910447761194,0.5320546390852754,0.5931915449704336,0.5931915449704336,0.7282883826481628,0.7282883826481628,0.4194857916102842,0.6572769953051643,0.5383813934577242,None,None,1.0,None,None,1.0,0.6145833333333334,0.7395659432387313,0.6770746382860323,0.8310054552294959,0.8310054552294959,0.8750173900946021,0.8750173900946021,0.7375,0.6592592592592592,0.6983796296296296,1.118679775280899,1.118679775280899,1.0782407407407408,1.0782407407407408,0.7358490566037735,0.6517857142857143,0.6938173854447439,None,None,1.0,None,None,1.0,0.25597269624573377,0.351123595505618,0.3035481458756759,0.7290102389078497,0.7290102389078497,0.9048491007401158,0.9048491007401158,0.33008526187576126,0.3314814814814815,0.3307833716786214,0.9957879408542518,0.9957879408542518,0.9986037803942798,0.9986037803942798,0.3283898305084746,0.33573141486810554,0.33206062268829006,None,None,1.0,None,None,1.0
Feldman-SVM-DIavgall,lambda=0.45,2,0.6872568093385214,0.5273109243697479,0.8251811594202898,0.6762460418950189,0.37156167679969737,0.6868001939822583,0.6868001939822583,0.8874584980176201,0.712082262210797,0.6814637072585483,0.6967729847346726,1.0449305731561607,1.0449305731561607,1.0306185549522486,1.0306185549522486,0.6980448950036205,0.6651851851851852,0.6816150400944029,1.0493993410410776,1.0493993410410776,1.0328597098184353,1.0328597098184353,0.6967910936476752,0.6597353497164461,0.6782632216820607,None,None,1.0,None,None,1.0,0.44029850746268656,0.5415647921760391,0.4909316498193629,0.8130116909807621,0.8130116909807621,0.8987337152866475,0.8987337152866475,0.6038011695906432,0.332089552238806,0.4679453609147246,1.818187791576319,1.818187791576319,1.2717116173518372,1.2717116173518372,0.5805142083897158,0.3427230046948357,0.4616186065422757,None,None,1.0,None,None,1.0,0.8549019607843137,0.8162544169611308,0.8355781888727223,1.047347423818012,1.047347423818012,1.038647543823183,1.038647543823183,0.7905308464849354,0.8845208845208845,0.83752586550291,0.8937390403315798,0.8937390403315798,0.9060099619640509,0.9060099619640509,0.8058375634517766,0.8734177215189873,0.8396276424853819,None,None,1.0,None,None,1.0,0.14509803921568631,0.18374558303886923,0.16442181112727777,0.7896681749622929,0.7896681749622929,0.9613524561768171,0.9613524561768171,0.20946915351506457,0.11547911547911549,0.16247413449709003,1.8139137336304525,1.8139137336304525,1.093990038035949,1.093990038035949,0.1941624365482234,0.12658227848101267,0.16037235751461804,None,None,1.0,None,None,1.0,0.5597014925373134,0.45843520782396086,0.5090683501806371,1.2208955223880598,1.2208955223880598,1.1012662847133525,1.1012662847133525,0.3961988304093568,0.667910447761194,0.5320546390852754,0.5931915449704336,0.5931915449704336,0.7282883826481628,0.7282883826481628,0.4194857916102842,0.6572769953051643,0.5383813934577242,None,None,1.0,None,None,1.0,0.6145833333333334,0.7395659432387313,0.6770746382860323,0.8310054552294959,0.8310054552294959,0.8750173900946021,0.8750173900946021,0.738819320214669,0.6544117647058824,0.6966155424602757,1.1289823320134267,1.1289823320134267,1.0844075555087866,1.0844075555087866,0.7371134020618557,0.6460176991150443,0.6915655505884499,None,None,1.0,None,None,1.0,0.25597269624573377,0.351123595505618,0.3035481458756759,0.7290102389078497,0.7290102389078497,0.9048491007401158,0.9048491007401158,0.32968369829683697,0.3320964749536178,0.3308900866252274,0.9927347116312576,0.9927347116312576,0.9975872233432191,0.9975872233432191,0.328042328042328,0.33653846153846156,0.3322903947903948,None,None,1.0,None,None,1.0
Feldman-SVM-DIavgall,lambda=0.5,2,0.6843385214007782,0.523109243697479,0.8233695652173914,0.6732394044574352,0.36548128520079537,0.6891010321530532,0.6891010321530532,0.8886582580656106,0.712082262210797,0.6778644271145771,0.694973344662687,1.0504788770844236,1.0504788770844236,1.03421783509622,1.03421783509622,0.6908037653874004,0.6711111111111111,0.6809574382492558,1.0293433590209609,1.0293433590209609,1.0196926542762892,1.0196926542762892,0.6908971840209561,0.665406427221172,0.678151805621064,None,None,1.0,None,None,1.0,0.44029850746268656,0.5366748166259169,0.4884866620443017,0.8204195423792201,0.8204195423792201,0.9036236908367696,0.9036236908367696,0.5935672514619883,0.34328358208955223,0.46842541677577026,1.7290872107805746,1.7290872107805746,1.2502836693724362,1.2502836693724362,0.5723951285520974,0.352112676056338,0.4622539023042177,None,None,1.0,None,None,1.0,0.8549019607843137,0.8138987043580683,0.8344003325711911,1.050378820124287,1.050378820124287,1.0410032564262455,1.0410032564262455,0.7862266857962698,0.8869778869778869,0.8366022863870783,0.8864106956207253,0.8864106956207253,0.8992487988183828,0.8992487988183828,0.8020304568527918,0.8765822784810127,0.8393063676669023,None,None,1.0,None,None,1.0,0.14509803921568631,0.18610129564193167,0.165599667428809,0.7796723752792258,0.7796723752792258,0.9589967435737546,0.9589967435737546,0.21377331420373025,0.11302211302211307,0.16339771361292166,1.8914291061069168,1.8914291061069168,1.1007512011816172,1.1007512011816172,0.19796954314720816,0.12341772151898733,0.16069363233309775,None,None,1.0,None,None,1.0,0.5597014925373134,0.4633251833740831,0.5115133379556982,1.2080100815185286,1.2080100815185286,1.0963763091632304,1.0963763091632304,0.4064327485380117,0.6567164179104478,0.5315745832242298,0.618886230728336,0.618886230728336,0.7497163306275639,0.7497163306275639,0.4276048714479026,0.647887323943662,0.5377460976957823,None,None,1.0,None,None,1.0,0.6145833333333334,0.7353433835845896,0.6749633584589615,0.8357773348519363,0.8357773348519363,0.8792399497487438,0.8792399497487438,0.7315315315315315,0.6666666666666666,0.6990990990990991,1.0972972972972974,1.0972972972972974,1.0648648648648649,1.0648648648648649,0.7305699481865285,0.6578947368421053,0.6942323425143169,None,None,1.0,None,None,1.0,0.25597269624573377,0.3542056074766355,0.3050891518611846,0.7226669788467945,0.7226669788467945,0.9017670887690983,0.9017670887690983,0.3365617433414044,0.32774674115456237,0.3321542422479834,1.0268957737178077,1.0268957737178077,1.008815002186842,1.008815002186842,0.3333333333333333,0.3325301204819277,0.3329317269076305,None,None,1.0,None,None,1.0
Feldman-SVM-DIavgall,lambda=0.55,2,0.6765564202334631,0.5283613445378151,0.8043478260869565,0.6663545853123858,0.3478865463185647,0.8243785357701638,0.8243785357701638,0.9364728596697114,0.6915167095115681,0.6730653869226155,0.6822910482170919,1.0274138634187022,1.0274138634187022,1.0184513225889527,1.0184513225889527,0.6821144098479363,0.6651851851851852,0.6736497975165607,1.0254503934239576,1.0254503934239576,1.016929224662751,1.016929224662751,0.6817288801571709,0.6616257088846881,0.6716772945209295,None,None,1.0,None,None,1.0,0.48507462686567165,0.5354523227383863,0.5102634748020289,0.9059156273427384,0.9059156273427384,0.9496223041272853,0.9496223041272853,0.6008771929824561,0.34328358208955223,0.4720803875360042,1.7503813882532417,1.7503813882532417,1.2575936108929038,1.2575936108929038,0.5805142083897158,0.3474178403755869,0.46396602438265133,None,None,1.0,None,None,1.0,0.8,0.8056537102473498,0.8028268551236749,0.992982456140351,0.992982456140351,0.9943462897526503,0.9943462897526503,0.7618364418938307,0.8771498771498771,0.819493159521854,0.8685362236716782,0.8685362236716782,0.8846865647439536,0.8846865647439536,0.7766497461928934,0.8734177215189873,0.8250337338559404,None,None,1.0,None,None,1.0,0.19999999999999996,0.19434628975265023,0.1971731448763251,1.0290909090909086,1.0290909090909086,1.0056537102473497,1.0056537102473497,0.2381635581061693,0.12285012285012287,0.18050684047814608,1.9386513629842177,1.9386513629842177,1.1153134352560463,1.1153134352560463,0.2233502538071066,0.12658227848101267,0.17496626614405963,None,None,1.0,None,None,1.0,0.5149253731343284,0.4645476772616137,0.48973652519797106,1.1084446190102122,1.1084446190102122,1.0503776958727147,1.0503776958727147,0.3991228070175439,0.6567164179104478,0.5279196124639958,0.6077551834130782,0.6077551834130782,0.7424063891070961,0.7424063891070961,0.4194857916102842,0.6525821596244131,0.5360339756173487,None,None,1.0,None,None,1.0,0.5603448275862069,0.7263681592039801,0.6433564933950935,0.771433632498819,0.771433632498819,0.8339766683822267,0.8339766683822267,0.7123050259965338,0.647887323943662,0.6800961749700979,1.0994273227337803,1.0994273227337803,1.0644177020528718,1.0644177020528718,0.7090909090909091,0.6491228070175439,0.6791068580542265,None,None,1.0,None,None,1.0,0.25274725274725274,0.35714285714285715,0.30494505494505497,0.7076923076923076,0.7076923076923076,0.8956043956043955,0.8956043956043955,0.33955223880597013,0.3302063789868668,0.3348793088964185,1.0283030868385346,1.0283030868385346,1.0093458598191034,1.0093458598191034,0.3362255965292842,0.3349397590361446,0.3355826777827144,None,None,1.0,None,None,1.0
Feldman-SVM-DIavgall,lambda=0.6,2,0.6755836575875487,0.5304621848739496,0.8007246376811594,0.6655934112775546,0.34563525023545244,0.824647375186037,0.824647375186037,0.9360441536371389,0.6940874035989717,0.6712657468506299,0.6826765752248007,1.0339979462015065,1.0339979462015065,1.022821656748342,1.022821656748342,0.6806661839246922,0.6651851851851852,0.6729256845549387,1.0232732163678557,1.0232732163678557,1.015480998739507,1.015480998739507,0.6810740013097577,0.6597353497164461,0.6704046755131019,None,None,1.0,None,None,1.0,0.4925373134328358,0.5366748166259169,0.5146060650293763,0.9177574541869241,0.9177574541869241,0.9558624968069189,0.9558624968069189,0.6023391812865497,0.34701492537313433,0.474677053329842,1.7357731245676917,1.7357731245676917,1.2553242559134155,1.2553242559134155,0.5832205683355887,0.3474178403755869,0.46531920435558777,None,None,1.0,None,None,1.0,0.8,0.800942285041225,0.8004711425206126,0.9988235294117648,0.9988235294117648,0.999057714958775,0.999057714958775,0.757532281205165,0.8746928746928747,0.8161125779490199,0.8660551641868038,0.8660551641868038,0.8828394065122903,0.8828394065122903,0.7728426395939086,0.870253164556962,0.8215479020754353,None,None,1.0,None,None,1.0,0.19999999999999996,0.199057714958775,0.19952885747938748,1.0047337278106507,1.0047337278106507,1.000942285041225,1.000942285041225,0.24246771879483497,0.1253071253071253,0.18388742205098013,1.9349874813627028,1.9349874813627028,1.1171605934877098,1.1171605934877098,0.22715736040609136,0.129746835443038,0.17845209792456468,None,None,1.0,None,None,1.0,0.5074626865671642,0.4633251833740831,0.48539393497062366,1.0952624739101329,1.0952624739101329,1.044137503193081,1.044137503193081,0.39766081871345027,0.6529850746268657,0.525322946670158,0.6089891395154552,0.6089891395154552,0.7446757440865845,0.7446757440865845,0.41677943166441134,0.6525821596244131,0.5346807956444122,None,None,1.0,None,None,1.0,0.5641025641025641,0.7220394736842105,0.6430710188933872,0.7812627767069681,0.7812627767069681,0.8420630904183536,0.8420630904183536,0.7091222030981067,0.6458333333333334,0.67747776821572,1.0979956693131974,1.0979956693131974,1.0632888697647733,1.0632888697647733,0.7065573770491803,0.6434782608695652,0.6750178189593727,None,None,1.0,None,None,1.0,0.25,0.3578847969782814,0.30394239848914073,0.6985488126649076,0.6985488126649076,0.8921152030217185,0.8921152030217185,0.34,0.3295668549905838,0.3347834274952919,1.0316571428571428,1.0316571428571428,1.0104331450094162,1.0104331450094162,0.33587786259541985,0.3357487922705314,0.33581332743297565,None,None,1.0,None,None,1.0
Feldman-SVM-DIavgall,lambda=0.65,2,0.6765564202334631,0.5283613445378151,0.8043478260869565,0.6663545853123858,0.3478865463185647,0.8328664520151338,0.8328664520151338,0.9396434337811101,0.6940874035989717,0.6724655068986203,0.683276455248796,1.032153168420594,1.032153168420594,1.0216218967003514,1.0216218967003514,0.6828385228095583,0.6637037037037037,0.6732711132566309,1.0288303636081515,1.0288303636081515,1.0191348191058545,1.0191348191058545,0.6830386378519974,0.6578449905482041,0.6704418142001007,None,None,1.0,None,None,1.0,0.4925373134328358,0.5342298288508558,0.5133835711418457,0.921957717135148,0.921957717135148,0.95830748458198,0.95830748458198,0.6008771929824561,0.34328358208955223,0.4720803875360042,1.7503813882532417,1.7503813882532417,1.2575936108929038,1.2575936108929038,0.5818673883626523,0.3427230046948357,0.46229519652874396,None,None,1.0,None,None,1.0,0.8,0.8056537102473498,0.8028268551236749,0.992982456140351,0.992982456140351,0.9943462897526503,0.9943462897526503,0.763271162123386,0.8746928746928747,0.8189820184081303,0.872616188157916,0.872616188157916,0.8885782874305113,0.8885782874305113,0.7779187817258884,0.870253164556962,0.8240859731414252,None,None,1.0,None,None,1.0,0.19999999999999996,0.19434628975265023,0.1971731448763251,1.0290909090909086,1.0290909090909086,1.0056537102473497,1.0056537102473497,0.23672883787661403,0.1253071253071253,0.18101798159186966,1.889188961093763,1.889188961093763,1.1114217125694887,1.1114217125694887,0.22208121827411165,0.129746835443038,0.17591402685857482,None,None,1.0,None,None,1.0,0.5074626865671642,0.4657701711491442,0.4866164288581542,1.0895130645982687,1.0895130645982687,1.04169251541802,1.04169251541802,0.3991228070175439,0.6567164179104478,0.5279196124639958,0.6077551834130782,0.6077551834130782,0.7424063891070961,0.7424063891070961,0.4181326116373477,0.6572769953051643,0.5377048034712559,None,None,1.0,None,None,1.0,0.5641025641025641,0.7259136212624585,0.6450080926825112,0.7770932347591386,0.7770932347591386,0.8381889428401056,0.8381889428401056,0.7135416666666666,0.6433566433566433,0.6784491550116549,1.1090919384057971,1.1090919384057971,1.0701850233100232,1.0701850233100232,0.7107438016528925,0.6403508771929824,0.6755473394229374,None,None,1.0,None,None,1.0,0.25,0.35774647887323946,0.3038732394366197,0.6988188976377953,0.6988188976377953,0.8922535211267606,0.8922535211267606,0.3391304347826087,0.3308270676691729,0.3349787512258908,1.025098814229249,1.025098814229249,1.0083033671134358,1.0083033671134358,0.3351409978308026,0.3373493975903614,0.33624519771058203,None,None,1.0,None,None,1.0
Feldman-SVM-DIavgall,lambda=0.7,2,0.6760700389105059,0.5273109243697479,0.8043478260869565,0.6658293752283522,0.3468999140403425,0.8342522531000175,0.8342522531000175,0.9402433138051053,0.6940874035989717,0.671865626874625,0.6829765152367984,1.033074733749541,1.033074733749541,1.0222217767243467,1.0222217767243467,0.6813902968863143,0.6651851851851852,0.6732877410357497,1.0243618048959067,1.0243618048959067,1.016205111701129,1.016205111701129,0.6817288801571709,0.6597353497164461,0.6707321149368085,None,None,1.0,None,None,1.0,0.4925373134328358,0.5330073349633252,0.5127723241980805,0.9240722990551827,0.9240722990551827,0.9595299784695106,0.9595299784695106,0.5994152046783626,0.34328358208955223,0.4713493933839574,1.7461225527587085,1.7461225527587085,1.2561316225888104,1.2561316225888104,0.5805142083897158,0.3427230046948357,0.4616186065422757,None,None,1.0,None,None,1.0,0.8,0.8056537102473498,0.8028268551236749,0.992982456140351,0.992982456140351,0.9943462897526503,0.9943462897526503,0.7618364418938307,0.8771498771498771,0.819493159521854,0.8685362236716782,0.8685362236716782,0.8846865647439536,0.8846865647439536,0.7766497461928934,0.8734177215189873,0.8250337338559404,None,None,1.0,None,None,1.0,0.19999999999999996,0.19434628975265023,0.1971731448763251,1.0290909090909086,1.0290909090909086,1.0056537102473497,1.0056537102473497,0.2381635581061693,0.12285012285012287,0.18050684047814608,1.9386513629842177,1.9386513629842177,1.1153134352560463,1.1153134352560463,0.2233502538071066,0.12658227848101267,0.17496626614405963,None,None,1.0,None,None,1.0,0.5074626865671642,0.4669926650366748,0.4872276758019195,1.086660936156912,1.086660936156912,1.0404700215304894,1.0404700215304894,0.4005847953216374,0.6567164179104478,0.5286506066160426,0.6099813928761296,0.6099813928761296,0.7438683774111896,0.7438683774111896,0.4194857916102842,0.6572769953051643,0.5383813934577242,None,None,1.0,None,None,1.0,0.5641025641025641,0.7254575707154742,0.6447800674090192,0.7775817454716537,0.7775817454716537,0.8386449933870899,0.8386449933870899,0.7118055555555556,0.647887323943662,0.6798464397496088,1.0986564009661837,1.0986564009661837,1.0639182316118936,1.0639182316118936,0.7090909090909091,0.6460176991150443,0.6775543041029767,None,None,1.0,None,None,1.0,0.25,0.35834896810506567,0.30417448405253283,0.6976439790575916,0.6976439790575916,0.8916510318949343,0.8916510318949343,0.3403726708074534,0.3302063789868668,0.33528952489716013,1.0307876905702993,1.0307876905702993,1.0101662918205867,1.0101662918205867,0.3362255965292842,0.33653846153846156,0.3363820290338729,None,None,1.0,None,None,1.0
Feldman-SVM-DIavgall,lambda=0.75,2,0.6750972762645915,0.5220588235294118,0.8070652173913043,0.6645620204603581,0.3451524123755007,0.8803514300304207,0.8803514300304207,0.9577246504426622,0.6889460154241646,0.671865626874625,0.6804058211493949,1.0254223283143593,1.0254223283143593,1.0170803885495396,1.0170803885495396,0.6835626357711803,0.6577777777777778,0.670670206774479,1.0391999530305105,1.0391999530305105,1.0257848579934024,1.0257848579934024,0.6830386378519974,0.6521739130434783,0.6676062754477379,None,None,1.0,None,None,1.0,0.5,0.5256723716381418,0.5128361858190709,0.9511627906976744,0.9511627906976744,0.9743276283618582,0.9743276283618582,0.5964912280701754,0.332089552238806,0.4642903901544907,1.7961758328405282,1.7961758328405282,1.2644016758313694,1.2644016758313694,0.577807848443843,0.3286384976525822,0.4532231730482126,None,None,1.0,None,None,1.0,0.788235294117647,0.8127208480565371,0.800478071087092,0.9698721227621483,0.9698721227621483,0.9755144460611099,0.9755144460611099,0.7690100430416069,0.8722358722358723,0.8206229576387396,0.8816537676561521,0.8816537676561521,0.8967741708057346,0.8967741708057346,0.7817258883248731,0.870253164556962,0.8259895264409176,None,None,1.0,None,None,1.0,0.21176470588235297,0.1872791519434629,0.19952192891290793,1.1307436182019979,1.1307436182019979,1.0244855539388902,1.0244855539388902,0.23098995695839308,0.1277641277641277,0.1793770423612604,1.807940624655116,1.807940624655116,1.1032258291942654,1.1032258291942654,0.2182741116751269,0.129746835443038,0.17401047355908245,None,None,1.0,None,None,1.0,0.5,0.47432762836185816,0.4871638141809291,1.0541237113402062,1.0541237113402062,1.0256723716381417,1.0256723716381417,0.4035087719298246,0.667910447761194,0.5357096098455093,0.6041360384200726,0.6041360384200726,0.7355983241686306,0.7355983241686306,0.42219215155615697,0.6713615023474178,0.5467768269517874,None,None,1.0,None,None,1.0,0.5537190082644629,0.7300509337860781,0.6418849710252705,0.758466269459927,0.758466269459927,0.8236680744783847,0.8236680744783847,0.7170474516695958,0.6312056737588653,0.6741265627142305,1.1359965245552024,1.1359965245552024,1.0858417779107306,1.0858417779107306,0.7128547579298832,0.6306306306306306,0.6717426942802569,None,None,1.0,None,None,1.0,0.25,0.35992578849721707,0.30496289424860856,0.6945876288659794,0.6945876288659794,0.8900742115027829,0.8900742115027829,0.3399014778325123,0.3352059925093633,0.3375537351709378,1.0140077606847016,1.0140077606847016,1.0046954853231491,1.0046954853231491,0.33620689655172414,0.34210526315789475,0.33915607985480944,None,None,1.0,None,None,1.0
Feldman-SVM-DIavgall,lambda=0.8,2,0.6765564202334631,0.5262605042016807,0.8061594202898551,0.6662099622457679,0.3480347810483616,0.8816396953315675,0.8816396953315675,0.9578958244340849,0.6863753213367609,0.6742651469706059,0.6803202341536834,1.017960552196068,1.017960552196068,1.0121101743661551,1.0121101743661551,0.6842867487328023,0.6607407407407407,0.6725137447367715,1.0356357744274474,1.0356357744274474,1.0235460079920615,1.0235460079920615,0.6836935166994106,0.6559546313799622,0.6698240740396864,None,None,1.0,None,None,1.0,0.5,0.530562347188264,0.5152811735941321,0.9423963133640554,0.9423963133640554,0.969437652811736,0.969437652811736,0.5994152046783626,0.33955223880597013,0.46948372174216635,1.765310712679134,1.765310712679134,1.2598629658723925,1.2598629658723925,0.5805142083897158,0.3380281690140845,0.45927118870190015,None,None,1.0,None,None,1.0,0.7843137254901961,0.8127208480565371,0.7985172867733665,0.9650468883205456,0.9650468883205456,0.971592877433659,0.971592877433659,0.7675753228120517,0.8722358722358723,0.819905597523962,0.8800088912239578,0.8800088912239578,0.8953394505761794,0.8953394505761794,0.7804568527918782,0.870253164556962,0.8253550086744201,None,None,1.0,None,None,1.0,0.21568627450980393,0.1872791519434629,0.20148271322663341,1.1516833148353682,1.1516833148353682,1.0284071225663411,1.0284071225663411,0.23242467718794835,0.1277641277641277,0.18009440247603803,1.8191700695287503,1.8191700695287503,1.1046605494238206,1.1046605494238206,0.21954314720812185,0.129746835443038,0.17464499132557992,None,None,1.0,None,None,1.0,0.5,0.469437652811736,0.484718826405868,1.0651041666666665,1.0651041666666665,1.0305623471882641,1.0305623471882641,0.4005847953216374,0.6604477611940298,0.5305162782578337,0.6065351703175075,0.6065351703175075,0.7401370341276076,0.7401370341276076,0.4194857916102842,0.6619718309859155,0.5407288112980999,None,None,1.0,None,None,1.0,0.5491803278688525,0.7318718381112985,0.6405260829900755,0.7503777290926947,0.7503777290926947,0.817308489757554,0.817308489757554,0.7167832167832168,0.6363636363636364,0.6765734265734266,1.1263736263736264,1.1263736263736264,1.0804195804195804,1.0804195804195804,0.7126245847176079,0.6371681415929203,0.6748963631552641,None,None,1.0,None,None,1.0,0.250936329588015,0.3575418994413408,0.3042391145146779,0.7018375468164794,0.7018375468164794,0.8933944301466742,0.8933944301466742,0.33868974042027195,0.33270676691729323,0.3356982536687826,1.0179827226191225,1.0179827226191225,1.0059829735029786,1.0059829735029786,0.33513513513513515,0.3389423076923077,0.33703872141372143,None,None,1.0,None,None,1.0
Feldman-SVM-DIavgall,lambda=0.85,2,0.6789883268482491,0.5294117647058824,0.8079710144927537,0.6686913895993181,0.3531156875281201,0.8801554534202349,0.8801554534202349,0.9572959444100897,0.6863753213367609,0.6772645470905819,0.6818199342136715,1.0134523123723476,1.0134523123723476,1.009110774246179,1.009110774246179,0.6871832005792904,0.6622222222222223,0.6747027114007563,1.0376927525526196,1.0376927525526196,1.0249609783570681,1.0249609783570681,0.6856581532416502,0.6597353497164461,0.6726967514790482,None,None,1.0,None,None,1.0,0.5,0.5342298288508558,0.5171149144254279,0.9359267734553774,0.9359267734553774,0.9657701711491442,0.9657701711491442,0.6052631578947368,0.3358208955223881,0.4705420267085625,1.8023391812865495,1.8023391812865495,1.2694422623723487,1.2694422623723487,0.5859269282814614,0.3333333333333333,0.45963013080739734,None,None,1.0,None,None,1.0,0.7843137254901961,0.8150765606595995,0.7996951430748978,0.9622577354641279,0.9622577354641279,0.9692371648305965,0.9692371648305965,0.7675753228120517,0.8771498771498771,0.8223625999809644,0.8750788694243838,0.8750788694243838,0.8904254456621745,0.8904254456621745,0.7791878172588832,0.879746835443038,0.8294673263509607,None,None,1.0,None,None,1.0,0.21568627450980393,0.18492343934040045,0.2003048569251022,1.1663544398651182,1.1663544398651182,1.0307628351694036,1.0307628351694036,0.23242467718794835,0.12285012285012287,0.1776374000190356,1.8919368723098993,1.8919368723098993,1.1095745543378255,1.1095745543378255,0.2208121827411168,0.120253164556962,0.1705326736490394,None,None,1.0,None,None,1.0,0.5,0.4657701711491442,0.4828850855745721,1.0734908136482941,1.0734908136482941,1.0342298288508558,1.0342298288508558,0.39473684210526316,0.664179104477612,0.5294579732914375,0.5943228858663513,0.5943228858663513,0.7305577376276512,0.7305577376276512,0.4140730717185386,0.6666666666666667,0.5403698691926027,None,None,1.0,None,None,1.0,0.5491803278688525,0.7356902356902357,0.6424352817795441,0.7464831001237949,0.7464831001237949,0.8134900921786168,0.8134900921786168,0.71875,0.6428571428571429,0.6808035714285714,1.1180555555555556,1.1180555555555556,1.0758928571428572,1.0758928571428572,0.71334431630972,0.6513761467889908,0.6823602315493553,None,None,1.0,None,None,1.0,0.250936329588015,0.3550792171481827,0.3030077733680988,0.7067052011756957,0.7067052011756957,0.8958571124398322,0.8958571124398322,0.33540372670807456,0.33271028037383177,0.33405700354095313,1.0080954707237073,1.0080954707237073,1.0026934463342427,1.0026934463342427,0.33260869565217394,0.3380952380952381,0.33535196687370605,None,None,1.0,None,None,1.0
Feldman-SVM-DIavgall,lambda=0.9,2,0.6780155642023347,0.523109243697479,0.8115942028985508,0.6673517232980148,0.35147461236465555,0.895226608444554,0.895226608444554,0.9632947446500417,0.6863753213367609,0.6760647870425914,0.6812200541896762,1.015250808046478,1.015250808046478,1.0103105342941694,1.0103105342941694,0.6879073135409124,0.6577777777777778,0.6728425456593451,1.0458050374777383,1.0458050374777383,1.0301295357631346,1.0301295357631346,0.6863130320890635,0.6540642722117203,0.6701886521503919,None,None,1.0,None,None,1.0,0.5,0.5268948655256723,0.5134474327628362,0.9489559164733179,0.9489559164733179,0.9731051344743277,0.9731051344743277,0.6008771929824561,0.3246268656716418,0.46275202932704895,1.8509780197620487,1.8509780197620487,1.2762503273108143,1.2762503273108143,0.5818673883626523,0.3192488262910798,0.4505581073268661,None,None,1.0,None,None,1.0,0.7843137254901961,0.8197879858657244,0.8020508556779602,0.9567275185936442,0.9567275185936442,0.9645257396244716,0.9645257396244716,0.7733142037302726,0.8771498771498771,0.8252320404400748,0.8816215151770895,0.8816215151770895,0.8961643265803955,0.8961643265803955,0.7842639593908629,0.879746835443038,0.8320053974169505,None,None,1.0,None,None,1.0,0.21568627450980393,0.18021201413427557,0.19794914432203975,1.1968473663975399,1.1968473663975399,1.0354742603755285,1.0354742603755285,0.2266857962697274,0.12285012285012287,0.17476795955992513,1.8452223816355808,1.8452223816355808,1.1038356734196046,1.1038356734196046,0.2157360406091371,0.120253164556962,0.16799460258304955,None,None,1.0,None,None,1.0,0.5,0.47310513447432767,0.48655256723716384,1.0568475452196382,1.0568475452196382,1.0268948655256724,1.0268948655256724,0.3991228070175439,0.6753731343283582,0.537247970672951,0.5909663661917224,0.5909663661917224,0.7237496726891857,0.7237496726891857,0.4181326116373477,0.6807511737089202,0.5494418926731339,None,None,1.0,None,None,1.0,0.5491803278688525,0.738013698630137,0.6435970132494948,0.7441329732608117,0.7441329732608117,0.8111666292387155,0.8111666292387155,0.7223198594024605,0.635036496350365,0.6786781778764127,1.137446215380886,1.137446215380886,1.0872833630520955,1.0872833630520955,0.7166666666666667,0.6415094339622641,0.6790880503144654,None,None,1.0,None,None,1.0,0.250936329588015,0.3573407202216066,0.3041385249048108,0.7022326742734374,0.7022326742734374,0.8935956093664084,0.8935956093664084,0.33620689655172414,0.33643122676579923,0.3363190616587617,0.9993332063250144,0.9993332063250144,0.9997756697859249,0.9997756697859249,0.3333333333333333,0.34278959810874704,0.3380614657210402,None,None,1.0,None,None,1.0
Feldman-SVM-DIavgall,lambda=0.95,2,0.6765564202334631,0.5199579831932774,0.8115942028985508,0.665776093045914,0.3485205139992474,0.9087891144402092,0.9087891144402092,0.9682649588334261,0.6838046272493573,0.674865026994601,0.6793348271219792,1.0132465009997145,1.0132465009997145,1.0089396002547564,1.0089396002547564,0.6857349746560464,0.6577777777777778,0.6717563762169121,1.0425024952541246,1.0425024952541246,1.0279571968782686,1.0279571968782686,0.6843483955468238,0.6540642722117203,0.669206333879272,None,None,1.0,None,None,1.0,0.5,0.5232273838630807,0.5116136919315404,0.955607476635514,0.955607476635514,0.9767726161369193,0.9767726161369193,0.5964912280701754,0.3246268656716418,0.4605590468709086,1.8374672312966323,1.8374672312966323,1.2718643623985337,1.2718643623985337,0.577807848443843,0.3192488262910798,0.44852833736746145,None,None,1.0,None,None,1.0,0.7803921568627451,0.8209658421672555,0.8006789995150003,0.9505781078572032,0.9505781078572032,0.9594263146954896,0.9594263146954896,0.7733142037302726,0.8771498771498771,0.8252320404400748,0.8816215151770895,0.8816215151770895,0.8961643265803955,0.8961643265803955,0.7842639593908629,0.879746835443038,0.8320053974169505,None,None,1.0,None,None,1.0,0.2196078431372549,0.17903415783274446,0.19932100048499968,1.2266253869969037,1.2266253869969037,1.0405736853045104,1.0405736853045104,0.2266857962697274,0.12285012285012287,0.17476795955992513,1.8452223816355808,1.8452223816355808,1.1038356734196046,1.1038356734196046,0.2157360406091371,0.120253164556962,0.16799460258304955,None,None,1.0,None,None,1.0,0.5,0.47677261613691935,0.4883863080684597,1.0487179487179485,1.0487179487179485,1.0232273838630808,1.0232273838630808,0.4035087719298246,0.6753731343283582,0.5394409531290913,0.5974605020839392,0.5974605020839392,0.7281356376014664,0.7281356376014664,0.42219215155615697,0.6807511737089202,0.5514716626325387,None,None,1.0,None,None,1.0,0.5447154471544715,0.7379310344827587,0.6413232408186151,0.738165792872882,0.738165792872882,0.8067844126717129,0.8067844126717129,0.7208480565371025,0.635036496350365,0.6779422764437337,1.135128548799805,1.135128548799805,1.0858115601867375,1.0858115601867375,0.7152428810720268,0.6415094339622641,0.6783761575171454,None,None,1.0,None,None,1.0,0.2518796992481203,0.35878564857405704,0.30533267391108865,0.7020339309812994,0.7020339309812994,0.8930940506740632,0.8930940506740632,0.33865030674846625,0.33643122676579923,0.33754076675713274,1.0065959393959936,1.0065959393959936,1.002219079982667,1.002219079982667,0.33548387096774196,0.34278959810874704,0.3391367345382445,None,None,1.0,None,None,1.0
Feldman-SVM-DIavgall,lambda=1.0,2,0.6765564202334631,0.5199579831932774,0.8115942028985508,0.665776093045914,0.3485205139992474,0.9087891144402092,0.9087891144402092,0.9682649588334261,0.6838046272493573,0.674865026994601,0.6793348271219792,1.0132465009997145,1.0132465009997145,1.0089396002547564,1.0089396002547564,0.6857349746560464,0.6577777777777778,0.6717563762169121,1.0425024952541246,1.0425024952541246,1.0279571968782686,1.0279571968782686,0.6843483955468238,0.6540642722117203,0.669206333879272,None,None,1.0,None,None,1.0,0.5,0.5232273838630807,0.5116136919315404,0.955607476635514,0.955607476635514,0.9767726161369193,0.9767726161369193,0.5964912280701754,0.3246268656716418,0.4605590468709086,1.8374672312966323,1.8374672312966323,1.2718643623985337,1.2718643623985337,0.577807848443843,0.3192488262910798,0.44852833736746145,None,None,1.0,None,None,1.0,0.7803921568627451,0.8209658421672555,0.8006789995150003,0.9505781078572032,0.9505781078572032,0.9594263146954896,0.9594263146954896,0.7733142037302726,0.8771498771498771,0.8252320404400748,0.8816215151770895,0.8816215151770895,0.8961643265803955,0.8961643265803955,0.7842639593908629,0.879746835443038,0.8320053974169505,None,None,1.0,None,None,1.0,0.2196078431372549,0.17903415783274446,0.19932100048499968,1.2266253869969037,1.2266253869969037,1.0405736853045104,1.0405736853045104,0.2266857962697274,0.12285012285012287,0.17476795955992513,1.8452223816355808,1.8452223816355808,1.1038356734196046,1.1038356734196046,0.2157360406091371,0.120253164556962,0.16799460258304955,None,None,1.0,None,None,1.0,0.5,0.47677261613691935,0.4883863080684597,1.0487179487179485,1.0487179487179485,1.0232273838630808,1.0232273838630808,0.4035087719298246,0.6753731343283582,0.5394409531290913,0.5974605020839392,0.5974605020839392,0.7281356376014664,0.7281356376014664,0.42219215155615697,0.6807511737089202,0.5514716626325387,None,None,1.0,None,None,1.0,0.5447154471544715,0.7379310344827587,0.6413232408186151,0.738165792872882,0.738165792872882,0.8067844126717129,0.8067844126717129,0.7208480565371025,0.635036496350365,0.6779422764437337,1.135128548799805,1.135128548799805,1.0858115601867375,1.0858115601867375,0.7152428810720268,0.6415094339622641,0.6783761575171454,None,None,1.0,None,None,1.0,0.2518796992481203,0.35878564857405704,0.30533267391108865,0.7020339309812994,0.7020339309812994,0.8930940506740632,0.8930940506740632,0.33865030674846625,0.33643122676579923,0.33754076675713274,1.0065959393959936,1.0065959393959936,1.002219079982667,1.002219079982667,0.33548387096774196,0.34278959810874704,0.3391367345382445,None,None,1.0,None,None,1.0
Feldman-SVM-DIavgall,lambda=0.0,3,0.6819066147859922,0.5623678646934461,0.7837837837837838,0.673075824238615,0.3562724987500994,0.6957906215921483,0.6957906215921483,0.8782046804051694,0.6952380952380952,0.6784841075794621,0.6868611014087787,1.0246932646932647,1.0246932646932647,1.0167539876586331,1.0167539876586331,0.6889214966984593,0.6681096681096681,0.6785155824040636,1.0311503179525534,1.0311503179525534,1.020811828588791,1.020811828588791,0.6838331160365059,0.6762452107279694,0.6800391633822376,None,None,1.0,None,None,1.0,0.46357615894039733,0.5811320754716981,0.5223541172060477,0.7977122215532811,0.7977122215532811,0.8824440834686993,0.8824440834686993,0.6356821589205397,0.3870967741935484,0.511389466557044,1.6421789105447275,1.6421789105447275,1.2485853847269914,1.2485853847269914,0.607681755829904,0.41013824884792627,0.5089100023389151,None,None,1.0,None,None,1.0,0.8252788104089219,0.7705112960760999,0.7978950532425109,1.0710794437560236,1.0710794437560236,1.0547675143328221,1.0547675143328221,0.7399425287356322,0.857487922705314,0.798715225720473,0.8629188926663428,0.8629188926663428,0.8824546060303181,0.8824546060303181,0.7527950310559006,0.8655737704918033,0.809184400773852,None,None,1.0,None,None,1.0,0.17472118959107807,0.22948870392390008,0.20210494675748908,0.7613498468709673,0.7613498468709673,0.945232485667178,0.945232485667178,0.26005747126436785,0.14251207729468596,0.2012847742795269,1.8248100526008189,1.8248100526008189,1.117545393969682,1.117545393969682,0.24720496894409938,0.13442622950819672,0.19081559922614805,None,None,1.0,None,None,1.0,0.5364238410596027,0.4188679245283019,0.4776458827939523,1.280651512439592,1.280651512439592,1.117555916531301,1.117555916531301,0.3643178410794603,0.6129032258064516,0.48861053344295596,0.5944133196559616,0.5944133196559616,0.7514146152730087,0.7514146152730087,0.392318244170096,0.5898617511520737,0.49108999766108485,None,None,1.0,None,None,1.0,0.5982905982905983,0.7053435114503817,0.65181705487049,0.8482258482258482,0.8482258482258482,0.8929470868402166,0.8929470868402166,0.7008264462809918,0.6467065868263473,0.6737665165536695,1.083685338230793,1.083685338230793,1.0541198594546444,1.0541198594546444,0.6900311526479751,0.6846153846153846,0.6873232686316799,None,None,1.0,None,None,1.0,0.26732673267326734,0.3394495412844037,0.3033881369788355,0.7875301043617875,0.7875301043617875,0.9278771913888637,0.9278771913888637,0.32058047493403696,0.32509505703422054,0.3228377659841287,0.9861130398555756,0.9861130398555756,0.9954854178998165,0.9954854178998165,0.32062780269058294,0.32653061224489793,0.32357920746774044,None,None,1.0,None,None,1.0
Feldman-SVM-DIavgall,lambda=0.05,3,0.6819066147859922,0.5623678646934461,0.7837837837837838,0.673075824238615,0.3562724987500994,0.6957906215921483,0.6957906215921483,0.8782046804051694,0.6952380952380952,0.6784841075794621,0.6868611014087787,1.0246932646932647,1.0246932646932647,1.0167539876586331,1.0167539876586331,0.6889214966984593,0.6681096681096681,0.6785155824040636,1.0311503179525534,1.0311503179525534,1.020811828588791,1.020811828588791,0.6838331160365059,0.6762452107279694,0.6800391633822376,None,None,1.0,None,None,1.0,0.46357615894039733,0.5811320754716981,0.5223541172060477,0.7977122215532811,0.7977122215532811,0.8824440834686993,0.8824440834686993,0.6356821589205397,0.3870967741935484,0.511389466557044,1.6421789105447275,1.6421789105447275,1.2485853847269914,1.2485853847269914,0.607681755829904,0.41013824884792627,0.5089100023389151,None,None,1.0,None,None,1.0,0.8252788104089219,0.7705112960760999,0.7978950532425109,1.0710794437560236,1.0710794437560236,1.0547675143328221,1.0547675143328221,0.7399425287356322,0.857487922705314,0.798715225720473,0.8629188926663428,0.8629188926663428,0.8824546060303181,0.8824546060303181,0.7527950310559006,0.8655737704918033,0.809184400773852,None,None,1.0,None,None,1.0,0.17472118959107807,0.22948870392390008,0.20210494675748908,0.7613498468709673,0.7613498468709673,0.945232485667178,0.945232485667178,0.26005747126436785,0.14251207729468596,0.2012847742795269,1.8248100526008189,1.8248100526008189,1.117545393969682,1.117545393969682,0.24720496894409938,0.13442622950819672,0.19081559922614805,None,None,1.0,None,None,1.0,0.5364238410596027,0.4188679245283019,0.4776458827939523,1.280651512439592,1.280651512439592,1.117555916531301,1.117555916531301,0.3643178410794603,0.6129032258064516,0.48861053344295596,0.5944133196559616,0.5944133196559616,0.7514146152730087,0.7514146152730087,0.392318244170096,0.5898617511520737,0.49108999766108485,None,None,1.0,None,None,1.0,0.5982905982905983,0.7053435114503817,0.65181705487049,0.8482258482258482,0.8482258482258482,0.8929470868402166,0.8929470868402166,0.7008264462809918,0.6467065868263473,0.6737665165536695,1.083685338230793,1.083685338230793,1.0541198594546444,1.0541198594546444,0.6900311526479751,0.6846153846153846,0.6873232686316799,None,None,1.0,None,None,1.0,0.26732673267326734,0.3394495412844037,0.3033881369788355,0.7875301043617875,0.7875301043617875,0.9278771913888637,0.9278771913888637,0.32058047493403696,0.32509505703422054,0.3228377659841287,0.9861130398555756,0.9861130398555756,0.9954854178998165,0.9954854178998165,0.32062780269058294,0.32653061224489793,0.32357920746774044,None,None,1.0,None,None,1.0
Feldman-SVM-DIavgall,lambda=0.1,3,0.6823929961089494,0.5613107822410148,0.7855855855855856,0.6734481839133002,0.35731756588713487,0.6989921121822963,0.6989921121822963,0.8800384212364653,0.6952380952380952,0.6790953545232273,0.6871667248806612,1.0237709485234239,1.0237709485234239,1.016142740714868,1.016142740714868,0.6889214966984593,0.6695526695526696,0.6792370831255644,1.028928011232828,1.028928011232828,1.0193688271457897,1.0193688271457897,0.6838331160365059,0.6781609195402298,0.6809970177883679,None,None,1.0,None,None,1.0,0.46357615894039733,0.579874213836478,0.5217251863884377,0.7994426168278002,0.7994426168278002,0.8837019451039194,0.8837019451039194,0.6341829085457271,0.3870967741935484,0.5106398413696378,1.6383058470764618,1.6383058470764618,1.2470861343521786,1.2470861343521786,0.6063100137174211,0.41013824884792627,0.5082241312826736,None,None,1.0,None,None,1.0,0.8252788104089219,0.7728894173602854,0.7990841138846037,1.0677838146983127,1.0677838146983127,1.0523893930486365,1.0523893930486365,0.7413793103448276,0.8599033816425121,0.8006413459936699,0.8621658271987602,0.8621658271987602,0.8814759287023155,0.8814759287023155,0.7540372670807454,0.8688524590163934,0.8114448630485693,None,None,1.0,None,None,1.0,0.17472118959107807,0.22711058263971462,0.20091588611539635,0.7693220965764224,0.7693220965764224,0.9476106069513635,0.9476106069513635,0.2586206896551724,0.14009661835748788,0.19935865400633013,1.8460166468489896,1.8460166468489896,1.1185240712976845,1.1185240712976845,0.24596273291925463,0.1311475409836066,0.1885551369514306,None,None,1.0,None,None,1.0,0.5364238410596027,0.42012578616352203,0.4782748136115624,1.276817226474204,1.276817226474204,1.1162980548960806,1.1162980548960806,0.3658170914542729,0.6129032258064516,0.48936015863036225,0.59685946500434,0.59685946500434,0.7529138656478213,0.7529138656478213,0.3936899862825789,0.5898617511520737,0.4917758687173263,None,None,1.0,None,None,1.0,0.5982905982905983,0.7070552147239264,0.6526729065072623,0.8461723863025381,0.8461723863025381,0.8912353835666719,0.8912353835666719,0.7014925373134329,0.6506024096385542,0.6760474734759936,1.078220011055832,1.078220011055832,1.0508901276748785,1.0508901276748785,0.690625,0.689922480620155,0.6902737403100776,None,None,1.0,None,None,1.0,0.26732673267326734,0.3394308943089431,0.3033788134911052,0.7875733681152547,0.7875733681152547,0.9278958383643243,0.9278958383643243,0.32105263157894737,0.32447817836812143,0.3227654049735344,0.9894429055093875,0.9894429055093875,0.9965744532108259,0.9965744532108259,0.32102908277404923,0.3256997455470738,0.3233644141605615,None,None,1.0,None,None,1.0
Feldman-SVM-DIavgall,lambda=0.15,3,0.6833657587548638,0.5581395348837209,0.7900900900900901,0.6741148124869055,0.35945585344105274,0.7148337406502259,0.7148337406502259,0.8879205961113051,0.6976190476190476,0.6797066014669927,0.6886628245430202,1.0263532031517641,1.0263532031517641,1.0179124461520548,1.0179124461520548,0.6881878209831255,0.6738816738816739,0.6810347474323997,1.0212294645424111,1.0212294645424111,1.0143061471014516,1.0143061471014516,0.6838331160365059,0.6819923371647509,0.6829127266006284,None,None,1.0,None,None,1.0,0.47019867549668876,0.5748427672955975,0.5225207213961431,0.8179604967611982,0.8179604967611982,0.8953559082010913,0.8953559082010913,0.6281859070464768,0.3906810035842294,0.5094334553153531,1.607925395100615,1.607925395100615,1.2375049034622474,1.2375049034622474,0.6021947873799726,0.41013824884792627,0.5061665181139494,None,None,1.0,None,None,1.0,0.8252788104089219,0.7788347205707491,0.8020567654898355,1.0596327932120662,1.0596327932120662,1.0464440898381728,1.0464440898381728,0.7456896551724138,0.8647342995169082,0.805211977344661,0.862333847042959,0.862333847042959,0.8809553556555056,0.8809553556555056,0.7577639751552795,0.8754098360655738,0.8165869056104267,None,None,1.0,None,None,1.0,0.17472118959107807,0.2211652794292509,0.1979432345101645,0.7900027980972938,0.7900027980972938,0.9535559101618272,0.9535559101618272,0.2543103448275862,0.13526570048309183,0.194788022655339,1.880080049261083,1.880080049261083,1.1190446443444944,1.1190446443444944,0.2422360248447205,0.12459016393442623,0.18341309438957337,None,None,1.0,None,None,1.0,0.5298013245033113,0.42515723270440253,0.4774792786038569,1.246130334260747,1.246130334260747,1.1046440917989089,1.1046440917989089,0.3718140929535232,0.6093189964157706,0.4905665446846469,0.6102125407884292,0.6102125407884292,0.7624950965377526,0.7624950965377526,0.39780521262002744,0.5898617511520737,0.4938334818860506,None,None,1.0,None,None,1.0,0.6016949152542372,0.7107309486780715,0.6562129319661544,0.8465860623817824,0.8465860623817824,0.8909639665761657,0.8909639665761657,0.7030201342281879,0.6606060606060606,0.6818130974171243,1.064204790345422,1.064204790345422,1.0424140736221272,1.0424140736221272,0.692429022082019,0.7007874015748031,0.696608211828411,None,None,1.0,None,None,1.0,0.26490066225165565,0.3403826787512588,0.30264167050145724,0.7782436615854853,0.7782436615854853,0.9245179835003968,0.9245179835003968,0.32333767926988266,0.32196969696969696,0.3226536881197898,1.0042487920852827,1.0042487920852827,1.0013679823001858,1.0013679823001858,0.32222222222222224,0.3240506329113924,0.3231364275668073,None,None,1.0,None,None,1.0
Feldman-SVM-DIavgall,lambda=0.2,3,0.6819066147859922,0.5486257928118393,0.7954954954954955,0.6720606441536674,0.35670856398270834,0.7319077949651198,0.7319077949651198,0.8970893002677844,0.6928571428571428,0.6790953545232273,0.685976248690185,1.0202648836312203,1.0202648836312203,1.0137617883339156,1.0137617883339156,0.6874541452677916,0.670995670995671,0.6792249081317313,1.0245284358507087,1.0245284358507087,1.0164584742721205,1.0164584742721205,0.682529335071708,0.6800766283524904,0.6813029817120992,None,None,1.0,None,None,1.0,0.46357615894039733,0.5647798742138365,0.5141780165771169,0.8208085664980309,0.8208085664980309,0.8987962847265609,0.8987962847265609,0.6191904047976012,0.37992831541218636,0.49955936010489377,1.629755876778592,1.629755876778592,1.239262089385415,1.239262089385415,0.5925925925925926,0.4009216589861751,0.4967571257893838,None,None,1.0,None,None,1.0,0.8215613382899628,0.7871581450653984,0.8043597416776807,1.0437055672233515,1.0437055672233515,1.0344031932245645,1.0344031932245645,0.7528735632183908,0.8671497584541062,0.8100116608362485,0.8682163096724619,0.8682163096724619,0.8857238047642846,0.8857238047642846,0.7639751552795031,0.8786885245901639,0.8213318399348335,None,None,1.0,None,None,1.0,0.1784386617100372,0.21284185493460162,0.1956402583223194,0.8383626508276051,0.8383626508276051,0.9655968067754356,0.9655968067754356,0.24712643678160917,0.13285024154589375,0.18998833916375146,1.860188087774294,1.860188087774294,1.1142761952357154,1.1142761952357154,0.2360248447204969,0.12131147540983611,0.1786681600651665,None,None,1.0,None,None,1.0,0.5364238410596027,0.43522012578616354,0.48582198342288313,1.2325345480993761,1.2325345480993761,1.101203715273439,1.101203715273439,0.38080959520239877,0.6200716845878136,0.5004406398951062,0.6141380176963541,0.6141380176963541,0.7607379106145852,0.7607379106145852,0.40740740740740744,0.599078341013825,0.5032428742106162,None,None,1.0,None,None,1.0,0.5932203389830508,0.714968152866242,0.6540942459246464,0.8297157525197236,0.8297157525197236,0.8782521861168088,0.8782521861168088,0.705982905982906,0.6583850931677019,0.682183999575304,1.0722947911627156,1.0722947911627156,1.0475978128152041,1.0475978128152041,0.6945337620578779,0.7016129032258065,0.6980733326418422,None,None,1.0,None,None,1.0,0.2682119205298013,0.34325396825396826,0.3057329443918848,0.7813803927573402,0.7813803927573402,0.9249579522758331,0.9249579522758331,0.3264781491002571,0.325187969924812,0.32583305951253455,1.003967487406571,1.003967487406571,1.0012901791754452,1.0012901791754452,0.3256578947368421,0.32663316582914576,0.3261455302829939,None,None,1.0,None,None,1.0
Feldman-SVM-DIavgall,lambda=0.25,3,0.6823929961089494,0.5465116279069767,0.7981981981981981,0.6723549130525874,0.35783988082835183,0.7303571428571429,0.7303571428571429,0.8971533356618931,0.6952380952380952,0.6790953545232273,0.6871667248806612,1.0237709485234239,1.0237709485234239,1.016142740714868,1.016142740714868,0.6881878209831255,0.670995670995671,0.6795917459893983,1.0256218493361418,1.0256218493361418,1.0171921499874546,1.0171921499874546,0.6831812255541069,0.6800766283524904,0.6816289269532987,None,None,1.0,None,None,1.0,0.46357615894039733,0.5622641509433962,0.5129201549418968,0.8244810880483577,0.8244810880483577,0.9013120079970012,0.9013120079970012,0.616191904047976,0.37992831541218636,0.4980601097300812,1.621863596503635,1.621863596503635,1.2362635886357896,1.2362635886357896,0.5898491083676269,0.4009216589861751,0.495385383676901,None,None,1.0,None,None,1.0,0.8252788104089219,0.7895362663495838,0.8074075383792529,1.0452703005329869,1.0452703005329869,1.035742544059338,1.035742544059338,0.757183908045977,0.8671497584541062,0.8121668332500416,0.8731870137354721,0.8731870137354721,0.8900341495918708,0.8900341495918708,0.7677018633540372,0.8786885245901639,0.8231951939721005,None,None,1.0,None,None,1.0,0.17472118959107807,0.21046373365041615,0.1925924616207471,0.8301724318988513,0.8301724318988513,0.9642574559406619,0.9642574559406619,0.24281609195402298,0.13285024154589375,0.18783316674995837,1.8277429467084634,1.8277429467084634,1.1099658504081291,1.1099658504081291,0.23229813664596277,0.12131147540983611,0.17680480602789944,None,None,1.0,None,None,1.0,0.5364238410596027,0.4377358490566038,0.48707984505810326,1.2254510162137475,1.2254510162137475,1.0986879920029988,1.0986879920029988,0.38380809595202403,0.6200716845878136,0.5019398902699188,0.6189737501191602,0.6189737501191602,0.7637364113642104,0.7637364113642104,0.41015089163237306,0.599078341013825,0.504614616323099,None,None,1.0,None,None,1.0,0.5982905982905983,0.7163461538461539,0.6573183760683761,0.8351976137211036,0.8351976137211036,0.8819444444444444,0.8819444444444444,0.7086206896551724,0.6583850931677019,0.6835028914114372,1.0763012361743656,1.0763012361743656,1.0502355964874706,1.0502355964874706,0.6969205834683955,0.7016129032258065,0.6992667433471009,None,None,1.0,None,None,1.0,0.26732673267326734,0.3438735177865613,0.3056001252299143,0.7773984294981222,0.7773984294981222,0.9234532148867061,0.9234532148867061,0.3269476372924649,0.325187969924812,0.32606780360863846,1.0054112314427244,1.0054112314427244,1.001759667367653,1.001759667367653,0.3260632497273719,0.32663316582914576,0.3263482077782588,None,None,1.0,None,None,1.0
Feldman-SVM-DIavgall,lambda=0.3,3,0.6780155642023347,0.53276955602537,0.8018018018018018,0.6672856789135859,0.3491197524552706,0.7508119557542952,0.7508119557542952,0.9075445337059029,0.6904761904761905,0.6748166259168704,0.6826464081965304,1.0232056590752243,1.0232056590752243,1.01565956455932,1.01565956455932,0.6867204695524578,0.6608946608946609,0.6738075652235593,1.0390770423577582,1.0390770423577582,1.025825808657797,1.025825808657797,0.682529335071708,0.6647509578544061,0.673640146463057,None,None,1.0,None,None,1.0,0.45695364238410596,0.5471698113207547,0.5020617268524303,0.8351221740123316,0.8351221740123316,0.9097838310633513,0.9097838310633513,0.6041979010494752,0.36200716845878134,0.4831025347541283,1.669021924681224,1.669021924681224,1.2421907325906938,1.2421907325906938,0.578875171467764,0.3778801843317972,0.4783776778997806,None,None,1.0,None,None,1.0,0.8215613382899628,0.7954815695600476,0.8085214539250052,1.0327848811686977,1.0327848811686977,1.0260797687299152,1.0260797687299152,0.7658045977011494,0.8623188405797102,0.8140617191404298,0.8880759200231816,0.8880759200231816,0.9034857571214392,0.9034857571214392,0.7763975155279503,0.8688524590163934,0.8226249872721718,None,None,1.0,None,None,1.0,0.1784386617100372,0.20451843043995244,0.19147854607499482,0.8724820610357051,0.8724820610357051,0.9739202312700848,0.9739202312700848,0.2341954022988506,0.1376811594202898,0.1859382808595702,1.7009981851179683,1.7009981851179683,1.0965142428785608,1.0965142428785608,0.22360248447204967,0.1311475409836066,0.17737501272782813,None,None,1.0,None,None,1.0,0.543046357615894,0.4528301886792453,0.49793827314756967,1.1992273730684326,1.1992273730684326,1.0902161689366487,1.0902161689366487,0.39580209895052476,0.6379928315412187,0.5168974652458718,0.6203864359954854,0.6203864359954854,0.7578092674093061,0.7578092674093061,0.421124828532236,0.6221198156682028,0.5216223221002194,None,None,1.0,None,None,1.0,0.5897435897435898,0.7166392092257001,0.653191399484645,0.8229295608605954,0.8229295608605954,0.8731043805178896,0.8731043805178896,0.7120141342756183,0.6392405063291139,0.6756273203023662,1.1138438932232446,1.1138438932232446,1.0727736279465043,1.0727736279465043,0.7009966777408638,0.6721311475409836,0.6865639126409238,None,None,1.0,None,None,1.0,0.2706270627062706,0.3498542274052478,0.3102406450557592,0.7735423542354236,0.7735423542354236,0.9207728353010228,0.9207728353010228,0.3312421580928482,0.33271028037383177,0.33197621923334,0.9955873852790662,0.9955873852790662,0.9985318777190164,0.9985318777190164,0.3293991416309013,0.3375,0.3334495708154507,None,None,1.0,None,None,1.0
Feldman-SVM-DIavgall,lambda=0.35,3,0.6775291828793775,0.53276955602537,0.8009009009009009,0.6668352284631355,0.3480701517878932,0.749577067669173,0.749577067669173,0.9069332867621376,0.6904761904761905,0.6742053789731052,0.6823407847246479,1.024133316064413,1.024133316064413,1.0162708115030852,1.0162708115030852,0.685986793837124,0.6608946608946609,0.6734407273658924,1.0379669173125043,1.0379669173125043,1.0250921329424632,1.0250921329424632,0.681877444589309,0.6647509578544061,0.6733142012218576,None,None,1.0,None,None,1.0,0.45695364238410596,0.5471698113207547,0.5020617268524303,0.8351221740123316,0.8351221740123316,0.9097838310633513,0.9097838310633513,0.6041979010494752,0.36200716845878134,0.4831025347541283,1.669021924681224,1.669021924681224,1.2421907325906938,1.2421907325906938,0.578875171467764,0.3778801843317972,0.4783776778997806,None,None,1.0,None,None,1.0,0.8215613382899628,0.7942925089179548,0.8079269236039588,1.0343309663201479,1.0343309663201479,1.027268829372008,1.027268829372008,0.764367816091954,0.8623188405797102,0.8133433283358321,0.8864097363083164,0.8864097363083164,0.9020489755122438,0.9020489755122438,0.7751552795031056,0.8688524590163934,0.8220038692597496,None,None,1.0,None,None,1.0,0.1784386617100372,0.20570749108204522,0.1920730763960412,0.8674388121279841,0.8674388121279841,0.972731170627992,0.972731170627992,0.23563218390804597,0.1376811594202898,0.18665667166416788,1.7114337568058082,1.7114337568058082,1.0979510244877562,1.0979510244877562,0.2248447204968944,0.1311475409836066,0.1779961307402505,None,None,1.0,None,None,1.0,0.543046357615894,0.4528301886792453,0.49793827314756967,1.1992273730684326,1.1992273730684326,1.0902161689366487,1.0902161689366487,0.39580209895052476,0.6379928315412187,0.5168974652458718,0.6203864359954854,0.6203864359954854,0.7578092674093061,0.7578092674093061,0.421124828532236,0.6221198156682028,0.5216223221002194,None,None,1.0,None,None,1.0,0.5897435897435898,0.7154605263157895,0.6526020580296896,0.8242852932508105,0.8242852932508105,0.8742830634278003,0.8742830634278003,0.7107583774250441,0.6392405063291139,0.674999441877079,1.1118794419124454,1.1118794419124454,1.07151787109593,1.07151787109593,0.6998341625207297,0.6721311475409836,0.6859826550308566,None,None,1.0,None,None,1.0,0.2706270627062706,0.35019455252918286,0.31041080761772677,0.7727906123945728,0.7727906123945728,0.9204325101770878,0.9204325101770878,0.3316582914572864,0.33271028037383177,0.3321842859155591,0.996838123200271,0.996838123200271,0.9989480110834547,0.9989480110834547,0.3297529538131042,0.3375,0.3336264769065521,None,None,1.0,None,None,1.0
Feldman-SVM-DIavgall,lambda=0.4,3,0.6750972762645915,0.5306553911205074,0.7981981981981981,0.6644267946593527,0.34293792294064385,0.7559837092731829,0.7559837092731829,0.90931423914309,0.6880952380952381,0.671760391198044,0.679927814646641,1.0243164781836303,1.0243164781836303,1.0163348468971942,1.0163348468971942,0.6815847395451211,0.6623376623376623,0.6719612009413918,1.0290593126465555,1.0290593126465555,1.0192470772074587,1.0192470772074587,0.6773142112125163,0.6685823754789272,0.6729482933457218,None,None,1.0,None,None,1.0,0.45695364238410596,0.5446540880503145,0.5008038652172102,0.8389795512595017,0.8389795512595017,0.9122995543337915,0.9122995543337915,0.5997001499250375,0.3655913978494624,0.48264577388724994,1.6403562924420143,1.6403562924420143,1.2341087520755751,1.2341087520755751,0.5747599451303155,0.3824884792626728,0.47862421219649415,None,None,1.0,None,None,1.0,0.8178438661710037,0.7919143876337693,0.8048791269023865,1.0327427799546758,1.0327427799546758,1.0259294785372344,1.0259294785372344,0.7600574712643678,0.8623188405797102,0.8111881559220391,0.8814111851637206,0.8814111851637206,0.8977386306846576,0.8977386306846576,0.7701863354037267,0.8721311475409836,0.8211587414723551,None,None,1.0,None,None,1.0,0.18215613382899631,0.2080856123662307,0.1951208730976135,0.8753903345724908,0.8753903345724908,0.9740705214627656,0.9740705214627656,0.23994252873563215,0.1376811594202898,0.18881184407796098,1.742740471869329,1.742740471869329,1.1022613693153422,1.1022613693153422,0.22981366459627328,0.12786885245901636,0.17884125852764482,None,None,1.0,None,None,1.0,0.543046357615894,0.45534591194968554,0.4991961347827898,1.1926018074713696,1.1926018074713696,1.0877004456662085,1.0877004456662085,0.4002998500749625,0.6344086021505376,0.5173542261127501,0.6309811196096866,0.6309811196096866,0.7658912479244249,0.7658912479244249,0.4252400548696845,0.6175115207373272,0.5213757878035059,None,None,1.0,None,None,1.0,0.5847457627118644,0.712171052631579,0.6484584076717217,0.8210748815907934,0.8210748815907934,0.8725747100802854,0.8725747100802854,0.7054673721340388,0.6415094339622641,0.6734884030481514,1.0996991389148252,1.0996991389148252,1.0639579381717748,1.0639579381717748,0.6937086092715232,0.680327868852459,0.6870182390619911,None,None,1.0,None,None,1.0,0.271523178807947,0.3521400778210117,0.31183162831447936,0.7710658226921809,0.7710658226921809,0.9193831009869353,0.9193831009869353,0.33542713567839194,0.33146067415730335,0.33344390491784764,1.01196661272464,1.01196661272464,1.0039664615210886,1.0039664615210886,0.3333333333333333,0.335,0.33416666666666667,None,None,1.0,None,None,1.0
Feldman-SVM-DIavgall,lambda=0.45,3,0.6741245136186771,0.5274841437632135,0.7990990990990992,0.6632916214311564,0.3410000487971833,0.7609902239041312,0.7609902239041312,0.9117592269181511,0.6880952380952381,0.6705378973105135,0.6793165677028759,1.0261839649259885,1.0261839649259885,1.0175573407847245,1.0175573407847245,0.6808510638297872,0.6608946608946609,0.670872862362224,1.0301960419957261,1.0301960419957261,1.0199564029351262,1.0199564029351262,0.6766623207301173,0.6666666666666666,0.671664493698392,None,None,1.0,None,None,1.0,0.45695364238410596,0.5408805031446541,0.49891707276438,0.8448328969659633,0.8448328969659633,0.9160731392394519,0.9160731392394519,0.5967016491754122,0.36200716845878134,0.4793544088170968,1.6483144566330696,1.6483144566330696,1.234694480716631,1.234694480716631,0.5720164609053497,0.3778801843317972,0.47494832261857345,None,None,1.0,None,None,1.0,0.8178438661710037,0.7931034482758621,0.8054736572234329,1.0311944399547437,1.0311944399547437,1.0247404178951416,1.0247404178951416,0.7614942528735632,0.8623188405797102,0.8119065467266366,0.8830773688785859,0.8830773688785859,0.899175412293853,0.899175412293853,0.7714285714285715,0.8721311475409836,0.8217798594847776,None,None,1.0,None,None,1.0,0.18215613382899631,0.2068965517241379,0.1945263427765671,0.8804213135068156,0.8804213135068156,0.9752595821048584,0.9752595821048584,0.2385057471264368,0.1376811594202898,0.1880934532733633,1.732304900181489,1.732304900181489,1.100824587706147,1.100824587706147,0.22857142857142854,0.12786885245901636,0.17822014051522245,None,None,1.0,None,None,1.0,0.543046357615894,0.4591194968553459,0.50108292723562,1.1827996008346184,1.1827996008346184,1.0839268607605481,1.0839268607605481,0.40329835082458776,0.6379928315412187,0.5206455911829032,0.6321361791014606,0.6321361791014606,0.7653055192833691,0.7653055192833691,0.42798353909465026,0.6221198156682028,0.5250516773814266,None,None,1.0,None,None,1.0,0.5847457627118644,0.7119205298013245,0.6483331462565944,0.8213638155301538,0.8213638155301538,0.8728252329105399,0.8728252329105399,0.7056737588652482,0.6392405063291139,0.6724571325971811,1.103925286145636,1.103925286145636,1.0664332525361342,1.0664332525361342,0.6938435940099834,0.6776859504132231,0.6857647722116033,None,None,1.0,None,None,1.0,0.271523178807947,0.3536821705426357,0.31260267467529135,0.7677038918624693,0.7677038918624693,0.9178410082653113,0.9178410082653113,0.33667083854818525,0.33271028037383177,0.3346905594610085,1.0119039248498827,1.0119039248498827,1.0039605581743536,1.0039605581743536,0.33440514469453375,0.33665835411471323,0.3355317494046235,None,None,1.0,None,None,1.0
Feldman-SVM-DIavgall,lambda=0.5,3,0.6746108949416343,0.5052854122621564,0.8189189189189189,0.6621021655905377,0.3435769442631118,0.7448788638262323,0.7448788638262323,0.9111130515775993,0.6857142857142857,0.671760391198044,0.6787373384561648,1.0207721305082542,1.0207721305082542,1.0139538945162418,1.0139538945162418,0.6823184152604549,0.6594516594516594,0.6708850373560571,1.0346754086991143,1.0346754086991143,1.0228667558087956,1.0228667558087956,0.6799217731421121,0.6590038314176245,0.6694628022798683,None,None,1.0,None,None,1.0,0.423841059602649,0.5207547169811321,0.47229788829189057,0.8138976869181304,0.8138976869181304,0.903086342621517,0.903086342621517,0.5742128935532234,0.34050179211469533,0.45735734283395935,1.686372603172098,1.686372603172098,1.233711101438528,1.233711101438528,0.551440329218107,0.35023041474654376,0.4508353719823254,None,None,1.0,None,None,1.0,0.8327137546468402,0.8145065398335315,0.8236101472401858,1.022353675413128,1.022353675413128,1.0182072148133088,1.0182072148133088,0.7859195402298851,0.8743961352657005,0.8301578377477927,0.8988140598209183,0.8988140598209183,0.9115234049641846,0.9115234049641846,0.7962732919254658,0.8786885245901639,0.8374809082578148,None,None,1.0,None,None,1.0,0.16728624535315983,0.1854934601664685,0.17638985275981417,0.9018444380897911,0.9018444380897911,0.9817927851866913,0.9817927851866913,0.21408045977011492,0.12560386473429952,0.16984216225220722,1.7044098143236073,1.7044098143236073,1.0884765950358153,1.0884765950358153,0.2037267080745342,0.12131147540983611,0.16251909174218515,None,None,1.0,None,None,1.0,0.576158940397351,0.47924528301886793,0.5277021117081095,1.2022214110653389,1.2022214110653389,1.096913657378483,1.096913657378483,0.42578710644677664,0.6594982078853047,0.5426426571660407,0.6456228407535363,0.6456228407535363,0.766288898561472,0.766288898561472,0.44855967078189296,0.6497695852534562,0.5491646280176745,None,None,1.0,None,None,1.0,0.5871559633027523,0.7263157894736842,0.6567358763882183,0.808403137880601,0.808403137880601,0.8608401738290681,0.8608401738290681,0.7199248120300752,0.6462585034013606,0.6830916577157179,1.1139889196675898,1.1139889196675898,1.0736663086287146,1.0736663086287146,0.7102473498233216,0.672566371681416,0.6914068607523688,None,None,1.0,None,None,1.0,0.2797427652733119,0.3574108818011257,0.3185768235372188,0.7826923563814974,0.7826923563814974,0.9223318834721862,0.9223318834721862,0.3417569193742479,0.336996336996337,0.33937662818529246,1.0141265107518442,1.0141265107518442,1.0047605823779109,1.0047605823779109,0.3378099173553719,0.34474327628361856,0.34127659681949524,None,None,1.0,None,None,1.0
Feldman-SVM-DIavgall,lambda=0.55,3,0.6760700389105059,0.5243128964059197,0.8054054054054054,0.6648591509056625,0.3453905737324177,0.8537508153946511,0.8537508153946511,0.9477936896029806,0.6880952380952381,0.6729828850855746,0.6805390615904063,1.0224557761342503,1.0224557761342503,1.0151123530096635,1.0151123530096635,0.6852531181217901,0.658008658008658,0.6716308880652241,1.0414044097771942,1.0414044097771942,1.027244460113132,1.027244460113132,0.6805736636245111,0.6628352490421456,0.6717044563333283,None,None,1.0,None,None,1.0,0.4900662251655629,0.5308176100628931,0.510441917614228,0.9232290260820439,0.9232290260820439,0.9592486151026698,0.9592486151026698,0.5952023988005997,0.3548387096774194,0.4750205542390095,1.6773885784380536,1.6773885784380536,1.2403636891231802,1.2403636891231802,0.5733882030178327,0.35944700460829493,0.4664176038130638,None,None,1.0,None,None,1.0,0.7992565055762082,0.807372175980975,0.8033143407785917,0.9899480429890886,0.9899480429890886,0.9918843295952332,0.9918843295952332,0.771551724137931,0.8623188405797102,0.8169352823588206,0.8947406548826426,0.8947406548826426,0.9092328835582209,0.9092328835582209,0.7776397515527951,0.8786885245901639,0.8281641380714795,None,None,1.0,None,None,1.0,0.2007434944237918,0.192627824019025,0.1966856592214084,1.0421313506815362,1.0421313506815362,1.008115670404767,1.008115670404767,0.22844827586206895,0.1376811594202898,0.18306471764117938,1.6592558983666068,1.6592558983666068,1.0907671164417791,1.0907671164417791,0.22236024844720492,0.12131147540983611,0.17183586192852052,None,None,1.0,None,None,1.0,0.509933774834437,0.4691823899371069,0.489558082385772,1.0868561688830494,1.0868561688830494,1.0407513848973302,1.0407513848973302,0.40479760119940034,0.6451612903225806,0.5249794457609904,0.6274362818590705,0.6274362818590705,0.7596363108768197,0.7596363108768197,0.42661179698216734,0.6405529953917051,0.5335823961869361,None,None,1.0,None,None,1.0,0.578125,0.7226027397260274,0.6503638698630136,0.8000592417061612,0.8000592417061612,0.8555222602739726,0.8555222602739726,0.7140287769784173,0.6346153846153846,0.6743220807969009,1.1251362546326575,1.1251362546326575,1.0794133923630327,1.0794133923630327,0.7001675041876047,0.6782608695652174,0.689214186876411,None,None,1.0,None,None,1.0,0.2636986301369863,0.35456273764258556,0.30913068388978593,0.7437291123434573,0.7437291123434573,0.9091358924944007,0.9091358924944007,0.3345724907063197,0.33519553072625696,0.33488401071628837,0.9981412639405206,0.9981412639405206,0.9993769599800628,0.9993769599800628,0.3319103521878335,0.3415233415233415,0.3367168468555875,None,None,1.0,None,None,1.0
Feldman-SVM-DIavgall,lambda=0.6,3,0.6755836575875487,0.5221987315010571,0.8063063063063063,0.6642525189036816,0.34446268004646446,0.8581591672813705,0.8581591672813705,0.9496274304342764,0.6880952380952381,0.6723716381418093,0.6802334381185238,1.0233852813852813,1.0233852813852813,1.0157235999534286,1.0157235999534286,0.6845194424064563,0.658008658008658,0.6712640502075572,1.0402894157624434,1.0402894157624434,1.0265107843977983,1.0265107843977983,0.6799217731421121,0.6628352490421456,0.6713785110921289,None,None,1.0,None,None,1.0,0.4900662251655629,0.5283018867924528,0.5091840559790078,0.9276253547776727,0.9276253547776727,0.96176433837311,0.96176433837311,0.5922038980509745,0.3548387096774194,0.47352130386419694,1.6689382581436554,1.6689382581436554,1.237365188373555,1.237365188373555,0.5706447187928669,0.35944700460829493,0.46504586170058093,None,None,1.0,None,None,1.0,0.7992565055762082,0.8085612366230678,0.803908871099638,0.9884922370435163,0.9884922370435163,0.9906952689531404,0.9906952689531404,0.7729885057471264,0.8623188405797102,0.8176536731634183,0.8964068385975079,0.8964068385975079,0.9106696651674162,0.9106696651674162,0.7788819875776397,0.8786885245901639,0.8287852560839017,None,None,1.0,None,None,1.0,0.2007434944237918,0.19143876337693222,0.196091128900362,1.04860421621372,1.04860421621372,1.0093047310468597,1.0093047310468597,0.2270114942528736,0.1376811594202898,0.1823463268365817,1.6488203266787667,1.6488203266787667,1.0893303348325838,1.0893303348325838,0.2211180124223603,0.12131147540983611,0.1712147439160982,None,None,1.0,None,None,1.0,0.509933774834437,0.4716981132075472,0.4908159440209921,1.0810596026490065,1.0810596026490065,1.03823566162689,1.03823566162689,0.4077961019490255,0.6451612903225806,0.526478696135803,0.6320839580209895,0.6320839580209895,0.7626348116264449,0.7626348116264449,0.42935528120713307,0.6405529953917051,0.5349541382994191,None,None,1.0,None,None,1.0,0.578125,0.7228915662650602,0.6505082831325302,0.7997395833333334,0.7997395833333334,0.8552334337349398,0.8552334337349398,0.7142857142857143,0.6346153846153846,0.6744505494505495,1.1255411255411256,1.1255411255411256,1.0796703296703298,1.0796703296703298,0.7003367003367004,0.6782608695652174,0.6892987849509589,None,None,1.0,None,None,1.0,0.2636986301369863,0.35545023696682465,0.3095744335519055,0.7418721461187214,0.7418721461187214,0.9082483931701617,0.9082483931701617,0.3358024691358025,0.33519553072625696,0.3354989999310297,1.0018106995884775,1.0018106995884775,1.0006069384095455,1.0006069384095455,0.33297872340425533,0.3415233415233415,0.3372510324637984,None,None,1.0,None,None,1.0
Feldman-SVM-DIavgall,lambda=0.65,3,0.6726653696498055,0.5126849894291755,0.809009009009009,0.6608469992190922,0.3387067868365266,0.8762574273997825,0.8762574273997825,0.9569623937594598,0.6880952380952381,0.6687041564792175,0.6783996972872278,1.028997997736572,1.028997997736572,1.0193910816160205,1.0193910816160205,0.6801173881144534,0.658008658008658,0.6690630230615557,1.033599451673939,1.033599451673939,1.0221087301057954,1.0221087301057954,0.6760104302477183,0.6628352490421456,0.669422839644932,None,None,1.0,None,None,1.0,0.4900662251655629,0.5169811320754717,0.5035236786205173,0.9479383187509064,0.9479383187509064,0.9730850930900912,0.9730850930900912,0.5787106446776612,0.3548387096774194,0.4667746771775403,1.6309118168188632,1.6309118168188632,1.2238719350002418,1.2238719350002418,0.5582990397805213,0.35944700460829493,0.4588730221944081,None,None,1.0,None,None,1.0,0.7992565055762082,0.812128418549346,0.8056924620627771,0.9841503970565023,0.9841503970565023,0.9871280870268622,0.9871280870268622,0.7772988505747126,0.8623188405797102,0.8198088455772115,0.9014053897421036,0.9014053897421036,0.9149800099950024,0.9149800099950024,0.782608695652174,0.8786885245901639,0.830648610121169,None,None,1.0,None,None,1.0,0.2007434944237918,0.18787158145065397,0.19430753793722289,1.0685144228506893,1.0685144228506893,1.0128719129731378,1.0128719129731378,0.2227011494252874,0.1376811594202898,0.1801911544227886,1.617513611615246,1.617513611615246,1.0850199900049975,1.0850199900049975,0.21739130434782605,0.12131147540983611,0.16935138987883108,None,None,1.0,None,None,1.0,0.509933774834437,0.4830188679245283,0.49647632137948267,1.0557222682119205,1.0557222682119205,1.0269149069099086,1.0269149069099086,0.4212893553223388,0.6451612903225806,0.5332253228224597,0.6529985007496252,0.6529985007496252,0.7761280649997582,0.7761280649997582,0.4417009602194787,0.6405529953917051,0.5411269778055918,None,None,1.0,None,None,1.0,0.578125,0.7223198594024605,0.6502224297012302,0.8003725669099757,0.8003725669099757,0.8558051405975395,0.8558051405975395,0.7134935304990758,0.6346153846153846,0.6740544575572303,1.1242928359379378,1.1242928359379378,1.0788781458836914,1.0788781458836914,0.6993127147766323,0.6782608695652174,0.6887867921709248,None,None,1.0,None,None,1.0,0.2636986301369863,0.3598875351452671,0.3117930826411267,0.7327250998858448,0.7327250998858448,0.9038110949917192,0.9038110949917192,0.3418491484184915,0.33519553072625696,0.3385223395723742,1.0198499594484998,1.0198499594484998,1.0066536176922345,1.0066536176922345,0.3382352941176471,0.3415233415233415,0.3398793178204943,None,None,1.0,None,None,1.0
Feldman-SVM-DIavgall,lambda=0.7,3,0.6726653696498055,0.5084566596194503,0.8126126126126126,0.6605346361160315,0.3390095503151,0.8887530769883712,0.8887530769883712,0.9618523693095821,0.6880952380952381,0.6687041564792175,0.6783996972872278,1.028997997736572,1.028997997736572,1.0193910816160205,1.0193910816160205,0.6815847395451211,0.6551226551226551,0.6683536973338882,1.0403925649884778,1.0403925649884778,1.026462084422466,1.026462084422466,0.6773142112125163,0.6590038314176245,0.6681590213150704,None,None,1.0,None,None,1.0,0.4900662251655629,0.5119496855345912,0.501007955350077,0.9572546658639374,0.9572546658639374,0.9781165396309717,0.9781165396309717,0.5757121439280359,0.34767025089605735,0.46169119741204667,1.655914310885794,1.655914310885794,1.2280418930319785,1.2280418930319785,0.5555555555555556,0.35023041474654376,0.4528929851510497,None,None,1.0,None,None,1.0,0.7992565055762082,0.816884661117717,0.8080705833469626,0.9784202637403073,0.9784202637403073,0.9823718444584912,0.9823718444584912,0.7830459770114943,0.8623188405797102,0.8226824087956022,0.9080701246015647,0.9080701246015647,0.920727136431784,0.920727136431784,0.7875776397515528,0.8786885245901639,0.8331330821708584,None,None,1.0,None,None,1.0,0.2007434944237918,0.18311533888228304,0.19192941665303742,1.0962680442234343,1.0962680442234343,1.0176281555415088,1.0176281555415088,0.21695402298850575,0.1376811594202898,0.17731759120439777,1.5757713248638845,1.5757713248638845,1.079272863568216,1.079272863568216,0.21242236024844718,0.12131147540983611,0.16686691782914165,None,None,1.0,None,None,1.0,0.509933774834437,0.4880503144654088,0.4989920446499229,1.044838533488086,1.044838533488086,1.021883460369028,1.021883460369028,0.42428785607196406,0.6523297491039426,0.5383088025879533,0.6504192958465823,0.6504192958465823,0.7719581069680215,0.7719581069680215,0.4444444444444444,0.6497695852534562,0.5471070148489503,None,None,1.0,None,None,1.0,0.578125,0.7254901960784313,0.6518075980392157,0.796875,0.796875,0.8526348039215687,0.8526348039215687,0.7177570093457943,0.6298701298701299,0.6738135696079621,1.1395317467964157,1.1395317467964157,1.0878868794756644,1.0878868794756644,0.703125,0.672566371681416,0.687845685840708,None,None,1.0,None,None,1.0,0.2636986301369863,0.36093023255813955,0.3123144313475629,0.7306083180341759,0.7306083180341759,0.9027683975788467,0.9027683975788467,0.3417874396135266,0.33766233766233766,0.33972488863793215,1.0122166480862134,1.0122166480862134,1.004125101951189,1.004125101951189,0.33820459290187893,0.34474327628361856,0.3414739345927488,None,None,1.0,None,None,1.0
Feldman-SVM-DIavgall,lambda=0.75,3,0.671692607003891,0.5042283298097252,0.8144144144144144,0.6593213721120699,0.33718284505629714,0.9331604874254602,0.9331604874254602,0.9774886482710443,0.6833333333333333,0.6687041564792175,0.6760187449062754,1.0218769043266303,1.0218769043266303,1.0146291768541158,1.0146291768541158,0.677916360968452,0.6594516594516594,0.6686840102100557,1.0280000834817007,1.0280000834817007,1.0184647015167925,1.0184647015167925,0.6734028683181226,0.6666666666666666,0.6700347674923945,None,None,1.0,None,None,1.0,0.4966887417218543,0.5056603773584906,0.5011745595401724,0.9822575862409805,0.9822575862409805,0.9910283643633637,0.9910283643633637,0.5667166416791605,0.3548387096774194,0.4607776756782899,1.5971105356412703,1.5971105356412703,1.211877932001741,1.211877932001741,0.5473251028806584,0.35944700460829493,0.45338605374447666,None,None,1.0,None,None,1.0,0.7881040892193308,0.8228299643281808,0.8054670267737558,0.9577970217246491,0.9577970217246491,0.96527412489115,0.96527412489115,0.7844827586206896,0.8647342995169082,0.8246085290687989,0.9071951454440378,0.9071951454440378,0.9197484591037814,0.9197484591037814,0.7875776397515528,0.8852459016393442,0.8364117706954486,None,None,1.0,None,None,1.0,0.21189591078066916,0.17717003567181921,0.1945329732262442,1.1960030937351867,1.1960030937351867,1.03472587510885,1.03472587510885,0.2155172413793104,0.13526570048309183,0.1753914709312011,1.5932881773399012,1.5932881773399012,1.0802515408962186,1.0802515408962186,0.21242236024844718,0.11475409836065575,0.16358822930455147,None,None,1.0,None,None,1.0,0.5033112582781457,0.49433962264150944,0.4988254404598276,1.0181487285779283,1.0181487285779283,1.0089716356366363,1.0089716356366363,0.43328335832083953,0.6451612903225806,0.53922232432171,0.6715892053973013,0.6715892053973013,0.7881220679982589,0.7881220679982589,0.4526748971193416,0.6405529953917051,0.5466139462555233,None,None,1.0,None,None,1.0,0.5681818181818182,0.7295825771324864,0.6488821976571524,0.7787765716870195,0.7787765716870195,0.8385992410493318,0.8385992410493318,0.7159090909090909,0.6387096774193548,0.6773093841642228,1.1208677685950414,1.1208677685950414,1.077199413489736,1.077199413489736,0.7,0.6902654867256637,0.6951327433628318,None,None,1.0,None,None,1.0,0.2638888888888889,0.3622119815668203,0.3130504352278546,0.7285482046932429,0.7285482046932429,0.9016769073220686,0.9016769073220686,0.3461077844311377,0.3345724907063197,0.3403401375687287,1.034477711244178,1.034477711244178,1.011535293724818,1.011535293724818,0.34232365145228216,0.33985330073349634,0.3410884760928893,None,None,1.0,None,None,1.0
Feldman-SVM-DIavgall,lambda=0.8,3,0.6707198443579766,0.5010570824524313,0.8153153153153153,0.6581861988838733,0.3352770189042469,0.9311609315258951,0.9311609315258951,0.9769414367213878,0.6857142857142857,0.6668704156479217,0.6762923506811037,1.0282571690454367,1.0282571690454367,1.018843870066364,1.018843870066364,0.6771826852531181,0.658008658008658,0.6675956716308881,1.029139475614936,1.029139475614936,1.01917402724446,1.01917402724446,0.6734028683181226,0.6628352490421456,0.6681190586801341,None,None,1.0,None,None,1.0,0.4966887417218543,0.5018867924528302,0.49928776708734224,0.989642981626251,0.989642981626251,0.9948019492690241,0.9948019492690241,0.5652173913043478,0.34767025089605735,0.45644382110020254,1.6257283729269385,1.6257283729269385,1.2175471404082905,1.2175471404082905,0.5459533607681756,0.35023041474654376,0.44809188775735964,None,None,1.0,None,None,1.0,0.79182156133829,0.8228299643281808,0.8073257628332353,0.9623149322044824,0.9623149322044824,0.9689915970101092,0.9689915970101092,0.7844827586206896,0.8671497584541062,0.8258162585373979,0.9046681394678705,0.9046681394678705,0.9173330001665834,0.9173330001665834,0.7888198757763976,0.8852459016393442,0.8370328887078708,None,None,1.0,None,None,1.0,0.20817843866171004,0.17717003567181921,0.19267423716676463,1.17502058331878,1.17502058331878,1.0310084029898907,1.0310084029898907,0.2155172413793104,0.13285024154589375,0.17418374146260207,1.622257053291536,1.622257053291536,1.0826669998334166,1.0826669998334166,0.21118012422360244,0.11475409836065575,0.1629671112921291,None,None,1.0,None,None,1.0,0.5033112582781457,0.4981132075471698,0.5007122329126578,1.0104354806341562,1.0104354806341562,1.005198050730976,1.005198050730976,0.4347826086956522,0.6523297491039426,0.5435561788997973,0.6665074056378405,0.6665074056378405,0.7824528595917096,0.7824528595917096,0.4540466392318244,0.6497695852534562,0.5519081122426404,None,None,1.0,None,None,1.0,0.5725190839694656,0.7281021897810219,0.6503106368752438,0.7863169373816219,0.7863169373816219,0.8444168941884437,0.8444168941884437,0.715370018975332,0.6381578947368421,0.676763956856087,1.1209921946829944,1.1209921946829944,1.07721212423849,1.07721212423849,0.7007042253521126,0.6846846846846847,0.6926944550183987,None,None,1.0,None,None,1.0,0.2629757785467128,0.3639705882352941,0.31347318339100344,0.7225193107546048,0.7225193107546048,0.8990051903114187,0.8990051903114187,0.34688995215311,0.3364140480591497,0.34165200010612984,1.03113991271886,1.03113991271886,1.0104759040939604,1.0104759040939604,0.34265010351966874,0.34306569343065696,0.34285789847516285,None,None,1.0,None,None,1.0
Feldman-SVM-DIavgall,lambda=0.85,3,0.671692607003891,0.4915433403805497,0.8252252252252252,0.6583842828028874,0.3383048510201925,0.9756573597180807,0.9756573597180807,0.992158574921411,0.6833333333333333,0.6687041564792175,0.6760187449062754,1.0218769043266303,1.0218769043266303,1.0146291768541158,1.0146291768541158,0.6801173881144534,0.6551226551226551,0.6676200216185543,1.0381527532231636,1.0381527532231636,1.0249947329917983,1.0249947329917983,0.6760104302477183,0.6590038314176245,0.6675071308326714,None,None,1.0,None,None,1.0,0.4966887417218543,0.49056603773584906,0.4936273897288517,1.0124808965868568,1.0124808965868568,1.0061227039860052,1.0061227039860052,0.5592203898050975,0.32974910394265233,0.4444847468738749,1.695896616908937,1.695896616908937,1.229471285862445,1.229471285862445,0.5404663923182441,0.3271889400921659,0.433827666205205,None,None,1.0,None,None,1.0,0.7881040892193308,0.8370986920332937,0.8126013906263123,0.94147093612707,0.94147093612707,0.9510053971860372,0.9510053971860372,0.7959770114942529,0.8743961352657005,0.8351865733799767,0.9103162507144219,0.9103162507144219,0.9215808762285524,0.9215808762285524,0.7987577639751553,0.8950819672131147,0.846919865594135,None,None,1.0,None,None,1.0,0.21189591078066916,0.16290130796670632,0.18739860937368774,1.3007624888068814,1.3007624888068814,1.0489946028139627,1.0489946028139627,0.20402298850574707,0.12560386473429952,0.1648134266200233,1.6243368700265248,1.6243368700265248,1.0784191237714476,1.0784191237714476,0.2012422360248447,0.10491803278688527,0.153080134405865,None,None,1.0,None,None,1.0,0.5033112582781457,0.5094339622641509,0.5063726102711483,0.987981358842286,0.987981358842286,0.9938772960139948,0.9938772960139948,0.4407796101949025,0.6702508960573477,0.5555152531261252,0.6576337499699348,0.6576337499699348,0.7705287141375549,0.7705287141375549,0.4595336076817559,0.6728110599078341,0.566172333794795,None,None,1.0,None,None,1.0,0.5681818181818182,0.7400379506641366,0.6541098844229774,0.7677738927738929,0.7677738927738929,0.8281438675176817,0.8281438675176817,0.7242718446601941,0.6388888888888888,0.6815803667745415,1.133642887294217,1.133642887294217,1.0853829557713053,1.0853829557713053,0.7086330935251799,0.6893203883495146,0.6989767409373473,None,None,1.0,None,None,1.0,0.2638888888888889,0.3651938683498647,0.3145413786193768,0.7225994513031551,0.7225994513031551,0.8986950205390242,0.8986950205390242,0.3466981132075472,0.3406193078324226,0.34365871051998487,1.017846332357986,1.017846332357986,1.0060788053751246,1.0060788053751246,0.3425357873210634,0.34844868735083534,0.34549223733594936,None,None,1.0,None,None,1.0
Feldman-SVM-DIavgall,lambda=0.9,3,0.6687743190661478,0.48308668076109934,0.827027027027027,0.6550568538940632,0.3325512801805472,1.0135182616736014,1.0135182616736014,1.0042554430084993,0.6833333333333333,0.6650366748166259,0.6741850040749796,1.0275122549019609,1.0275122549019609,1.0182966585167075,1.0182966585167075,0.6757153338224505,0.6551226551226551,0.6654189944725528,1.0314333179272208,1.0314333179272208,1.0205926786997954,1.0205926786997954,0.6714471968709257,0.6609195402298851,0.6661833685504054,None,None,1.0,None,None,1.0,0.5033112582781457,0.47924528301886793,0.4912782706485068,1.0502164050685718,1.0502164050685718,1.0240659752592778,1.0240659752592778,0.545727136431784,0.3333333333333333,0.4395302348825587,1.6371814092953523,1.6371814092953523,1.2123938030984507,1.2123938030984507,0.5294924554183813,0.3271889400921659,0.4283406977552736,None,None,1.0,None,None,1.0,0.7843866171003717,0.8406658739595719,0.8125262455299718,0.9330539532976133,0.9330539532976133,0.9437207431407998,0.9437207431407998,0.8002873563218391,0.8719806763285024,0.8361340163251707,0.9177810679147961,0.9177810679147961,0.9283066799933367,0.9283066799933367,0.8,0.898360655737705,0.8491803278688526,None,None,1.0,None,None,1.0,0.21561338289962828,0.15933412604042807,0.18747375447002818,1.3532153359596073,1.3532153359596073,1.0562792568592,1.0562792568592,0.19971264367816088,0.1280193236714976,0.16386598367482924,1.5600195185426151,1.5600195185426151,1.0716933200066632,1.0716933200066632,0.19999999999999996,0.10163934426229504,0.1508196721311475,None,None,1.0,None,None,1.0,0.4966887417218543,0.5207547169811321,0.5087217293514932,0.953786351857184,0.953786351857184,0.9759340247407222,0.9759340247407222,0.45427286356821595,0.6666666666666667,0.5604697651174413,0.6814092953523239,0.6814092953523239,0.7876061969015492,0.7876061969015492,0.4705075445816187,0.6728110599078341,0.5716593022447264,None,None,1.0,None,None,1.0,0.5671641791044776,0.7398058252427184,0.6534850021735981,0.7666392447212755,0.7666392447212755,0.8273583538617592,0.8273583538617592,0.7236580516898609,0.636986301369863,0.6803221765298619,1.1360653284593514,1.1360653284593514,1.0866717503199979,1.0866717503199979,0.7056672760511883,0.696078431372549,0.7008728537118687,None,None,1.0,None,None,1.0,0.26223776223776224,0.36931311329170385,0.31577543776473305,0.7100689165906557,0.7100689165906557,0.8929246489460584,0.8929246489460584,0.35232558139534886,0.340036563071298,0.3461810722333234,1.036140285071268,1.036140285071268,1.012289018324051,1.012289018324051,0.3475177304964539,0.3476190476190476,0.3475683890577508,None,None,1.0,None,None,1.0
Feldman-SVM-DIavgall,lambda=0.95,3,0.6634241245136187,0.46617336152219874,0.8315315315315316,0.6488524465268651,0.3221433011173393,1.0366359447004607,1.0366359447004607,1.0111072301781348,0.6785714285714286,0.6595354523227384,0.6690534404470835,1.0288627035614988,1.0288627035614988,1.0190359762486902,1.0190359762486902,0.6720469552457814,0.6464646464646465,0.659255800855214,1.039572633895818,1.039572633895818,1.0255823087811349,1.0255823087811349,0.6675358539765319,0.6513409961685823,0.6594384250725571,None,None,1.0,None,None,1.0,0.4900662251655629,0.46163522012578617,0.4758507226456745,1.061587599473086,1.061587599473086,1.0284310050397767,1.0284310050397767,0.5322338830584707,0.30824372759856633,0.42023880532851854,1.7266657368989922,1.7266657368989922,1.2239901554599044,1.2239901554599044,0.51440329218107,0.30414746543778803,0.409275378809429,None,None,1.0,None,None,1.0,0.7843866171003717,0.8466111771700356,0.8154988971352037,0.9265016081199615,0.9265016081199615,0.9377754399303361,0.9377754399303361,0.8060344827586207,0.8743961352657005,0.8402153090121606,0.9218184416079253,0.9218184416079253,0.9316383474929202,0.9316383474929202,0.8062111801242235,0.898360655737705,0.8522859179309643,None,None,1.0,None,None,1.0,0.21561338289962828,0.15338882282996436,0.18450110286479632,1.4056655427797469,1.4056655427797469,1.062224560069664,1.062224560069664,0.19396551724137934,0.12560386473429952,0.15978469098783943,1.544263925729443,1.544263925729443,1.0683616525070798,1.0683616525070798,0.19378881987577645,0.10163934426229504,0.14771408206903575,None,None,1.0,None,None,1.0,0.509933774834437,0.5383647798742138,0.5241492773543255,0.9471900724144333,0.9471900724144333,0.9715689949602232,0.9715689949602232,0.46776611694152925,0.6917562724014337,0.5797611946714815,0.6762007597237651,0.6762007597237651,0.7760098445400956,0.7760098445400956,0.48559670781893005,0.695852534562212,0.590724621190571,None,None,1.0,None,None,1.0,0.5606060606060606,0.7399193548387096,0.650262707722385,0.757658327140616,0.757658327140616,0.8206867057673509,0.8206867057673509,0.7244897959183674,0.6231884057971014,0.6738391008577345,1.1625533934504035,1.1625533934504035,1.1013013901212658,1.1013013901212658,0.7062146892655368,0.6804123711340206,0.6933135301997787,None,None,1.0,None,None,1.0,0.2673611111111111,0.37543859649122807,0.3213998538011696,0.712130062305296,0.712130062305296,0.891922514619883,0.891922514619883,0.35738831615120276,0.34774774774774775,0.3525680319494753,1.027722878051386,1.027722878051386,1.009640568403455,1.009640568403455,0.35294117647058826,0.3552941176470588,0.35411764705882354,None,None,1.0,None,None,1.0
Feldman-SVM-DIavgall,lambda=1.0,3,0.6629377431906615,0.46511627906976744,0.8315315315315316,0.6483239053006495,0.321142896549218,1.0387301587301587,1.0387301587301587,1.0117184771219,0.6785714285714286,0.6589242053789731,0.6687478169752008,1.0298171216538563,1.0298171216538563,1.0196472231924556,1.0196472231924556,0.6713132795304475,0.6464646464646465,0.658888962997547,1.0384377292736608,1.0384377292736608,1.024848633065801,1.024848633065801,0.666883963494133,0.6513409961685823,0.6591124798313577,None,None,1.0,None,None,1.0,0.4900662251655629,0.46037735849056605,0.47522179182806445,1.0644881120399523,1.0644881120399523,1.0296888666749968,1.0296888666749968,0.5307346326836582,0.30824372759856633,0.41948918014111225,1.7218018897527978,1.7218018897527978,1.2224909050850918,1.2224909050850918,0.5130315500685871,0.30414746543778803,0.4085895077531876,None,None,1.0,None,None,1.0,0.7843866171003717,0.8466111771700356,0.8154988971352037,0.9265016081199615,0.9265016081199615,0.9377754399303361,0.9377754399303361,0.8060344827586207,0.8743961352657005,0.8402153090121606,0.9218184416079253,0.9218184416079253,0.9316383474929202,0.9316383474929202,0.8062111801242235,0.898360655737705,0.8522859179309643,None,None,1.0,None,None,1.0,0.21561338289962828,0.15338882282996436,0.18450110286479632,1.4056655427797469,1.4056655427797469,1.062224560069664,1.062224560069664,0.19396551724137934,0.12560386473429952,0.15978469098783943,1.544263925729443,1.544263925729443,1.0683616525070798,1.0683616525070798,0.19378881987577645,0.10163934426229504,0.14771408206903575,None,None,1.0,None,None,1.0,0.509933774834437,0.539622641509434,0.5247782081719354,0.944982170147733,0.944982170147733,0.9703111333250031,0.9703111333250031,0.46926536731634183,0.6917562724014337,0.5805108198588877,0.6783680698510849,0.6783680698510849,0.7775090949149082,0.7775090949149082,0.48696844993141286,0.695852534562212,0.5914104922468124,None,None,1.0,None,None,1.0,0.5606060606060606,0.7393939393939394,0.6499999999999999,0.7581967213114753,0.7581967213114753,0.8212121212121212,0.8212121212121212,0.7239263803680982,0.6231884057971014,0.6735573930825998,1.1616493080325296,1.1616493080325296,1.1007379745709969,1.1007379745709969,0.7056603773584905,0.6804123711340206,0.6930363742462555,None,None,1.0,None,None,1.0,0.2673611111111111,0.37598597721297106,0.3216735441620411,0.7110933048433049,0.7110933048433049,0.89137513389814,0.89137513389814,0.35812356979405036,0.34774774774774775,0.35293565877089905,1.0298372084751188,1.0298372084751188,1.0103758220463026,1.0103758220463026,0.35358565737051795,0.3552941176470588,0.3544398875087884,None,None,1.0,None,None,1.0
Feldman-SVM-DIavgall,lambda=0.0,4,0.6746108949416343,0.4968085106382979,0.8243727598566308,0.6605906352474644,0.34230552850427765,0.5861767279090113,0.5861767279090113,0.8554706781055353,0.6745406824146981,0.6746268656716418,0.6745837740431699,0.999872250481964,0.999872250481964,0.9999138167430563,0.9999138167430563,0.6786764705882353,0.6666666666666666,0.6726715686274509,1.018014705882353,1.018014705882353,1.0120098039215688,1.0120098039215688,0.6752645502645502,0.6727941176470589,0.6740293339558046,None,None,1.0,None,None,1.0,0.3380281690140845,0.525062656641604,0.43154541282784425,0.6437863457595213,0.6437863457595213,0.8129655123724805,0.8129655123724805,0.556060606060606,0.35714285714285715,0.45660173160173156,1.556969696969697,1.556969696969697,1.198917748917749,1.198917748917749,0.5306406685236769,0.38738738738738737,0.45901402795553214,None,None,1.0,None,None,1.0,0.8744769874476988,0.8107183580387686,0.8425976727432336,1.0786446103961065,1.0786446103961065,1.0637586294089303,1.0637586294089303,0.7942857142857143,0.875,0.8346428571428571,0.9077551020408163,0.9077551020408163,0.9192857142857143,0.9192857142857143,0.8060453400503779,0.8695652173913043,0.8378052787208411,None,None,1.0,None,None,1.0,0.12552301255230125,0.18928164196123143,0.15740232725676634,0.6631547108937844,0.6631547108937844,0.9362413705910698,0.9362413705910698,0.20571428571428574,0.125,0.16535714285714287,1.645714285714286,1.645714285714286,1.0807142857142857,1.0807142857142857,0.19395465994962213,0.13043478260869568,0.1621947212791589,None,None,1.0,None,None,1.0,0.6619718309859155,0.474937343358396,0.5684545871721558,1.393808762867442,1.393808762867442,1.1870344876275194,1.1870344876275194,0.44393939393939397,0.6428571428571428,0.5433982683982683,0.6905723905723907,0.6905723905723907,0.8010822510822512,0.8010822510822512,0.46935933147632314,0.6126126126126126,0.5409859720444679,None,None,1.0,None,None,1.0,0.6153846153846154,0.7162393162393162,0.6658119658119659,0.8591885441527447,0.8591885441527447,0.8991452991452992,0.8991452991452992,0.7181996086105675,0.6578947368421053,0.6880471727263364,1.0916634050880625,1.0916634050880625,1.0603048717684622,1.0603048717684622,0.7121495327102804,0.671875,0.6920122663551402,None,None,1.0,None,None,1.0,0.3102310231023102,0.3477064220183486,0.3289687225603294,0.8922211482361956,0.8922211482361956,0.9625246010839617,0.9625246010839617,0.3451118963486455,0.33088235294117646,0.33799712464491094,1.0430048422981286,1.0430048422981286,1.014229543407469,1.014229543407469,0.34493346980552714,0.3269230769230769,0.33592827336430203,None,None,1.0,None,None,1.0
Feldman-SVM-DIavgall,lambda=0.05,4,0.6746108949416343,0.4968085106382979,0.8243727598566308,0.6605906352474644,0.34230552850427765,0.5861767279090113,0.5861767279090113,0.8554706781055353,0.6745406824146981,0.6746268656716418,0.6745837740431699,0.999872250481964,0.999872250481964,0.9999138167430563,0.9999138167430563,0.6786764705882353,0.6666666666666666,0.6726715686274509,1.018014705882353,1.018014705882353,1.0120098039215688,1.0120098039215688,0.6752645502645502,0.6727941176470589,0.6740293339558046,None,None,1.0,None,None,1.0,0.3380281690140845,0.525062656641604,0.43154541282784425,0.6437863457595213,0.6437863457595213,0.8129655123724805,0.8129655123724805,0.556060606060606,0.35714285714285715,0.45660173160173156,1.556969696969697,1.556969696969697,1.198917748917749,1.198917748917749,0.5306406685236769,0.38738738738738737,0.45901402795553214,None,None,1.0,None,None,1.0,0.8744769874476988,0.8107183580387686,0.8425976727432336,1.0786446103961065,1.0786446103961065,1.0637586294089303,1.0637586294089303,0.7942857142857143,0.875,0.8346428571428571,0.9077551020408163,0.9077551020408163,0.9192857142857143,0.9192857142857143,0.8060453400503779,0.8695652173913043,0.8378052787208411,None,None,1.0,None,None,1.0,0.12552301255230125,0.18928164196123143,0.15740232725676634,0.6631547108937844,0.6631547108937844,0.9362413705910698,0.9362413705910698,0.20571428571428574,0.125,0.16535714285714287,1.645714285714286,1.645714285714286,1.0807142857142857,1.0807142857142857,0.19395465994962213,0.13043478260869568,0.1621947212791589,None,None,1.0,None,None,1.0,0.6619718309859155,0.474937343358396,0.5684545871721558,1.393808762867442,1.393808762867442,1.1870344876275194,1.1870344876275194,0.44393939393939397,0.6428571428571428,0.5433982683982683,0.6905723905723907,0.6905723905723907,0.8010822510822512,0.8010822510822512,0.46935933147632314,0.6126126126126126,0.5409859720444679,None,None,1.0,None,None,1.0,0.6153846153846154,0.7162393162393162,0.6658119658119659,0.8591885441527447,0.8591885441527447,0.8991452991452992,0.8991452991452992,0.7181996086105675,0.6578947368421053,0.6880471727263364,1.0916634050880625,1.0916634050880625,1.0603048717684622,1.0603048717684622,0.7121495327102804,0.671875,0.6920122663551402,None,None,1.0,None,None,1.0,0.3102310231023102,0.3477064220183486,0.3289687225603294,0.8922211482361956,0.8922211482361956,0.9625246010839617,0.9625246010839617,0.3451118963486455,0.33088235294117646,0.33799712464491094,1.0430048422981286,1.0430048422981286,1.014229543407469,1.014229543407469,0.34493346980552714,0.3269230769230769,0.33592827336430203,None,None,1.0,None,None,1.0
Feldman-SVM-DIavgall,lambda=0.1,4,0.6746108949416343,0.4968085106382979,0.8243727598566308,0.6605906352474644,0.34230552850427765,0.5861767279090113,0.5861767279090113,0.8554706781055353,0.6745406824146981,0.6746268656716418,0.6745837740431699,0.999872250481964,0.999872250481964,0.9999138167430563,0.9999138167430563,0.6786764705882353,0.6666666666666666,0.6726715686274509,1.018014705882353,1.018014705882353,1.0120098039215688,1.0120098039215688,0.6752645502645502,0.6727941176470589,0.6740293339558046,None,None,1.0,None,None,1.0,0.3380281690140845,0.525062656641604,0.43154541282784425,0.6437863457595213,0.6437863457595213,0.8129655123724805,0.8129655123724805,0.556060606060606,0.35714285714285715,0.45660173160173156,1.556969696969697,1.556969696969697,1.198917748917749,1.198917748917749,0.5306406685236769,0.38738738738738737,0.45901402795553214,None,None,1.0,None,None,1.0,0.8744769874476988,0.8107183580387686,0.8425976727432336,1.0786446103961065,1.0786446103961065,1.0637586294089303,1.0637586294089303,0.7942857142857143,0.875,0.8346428571428571,0.9077551020408163,0.9077551020408163,0.9192857142857143,0.9192857142857143,0.8060453400503779,0.8695652173913043,0.8378052787208411,None,None,1.0,None,None,1.0,0.12552301255230125,0.18928164196123143,0.15740232725676634,0.6631547108937844,0.6631547108937844,0.9362413705910698,0.9362413705910698,0.20571428571428574,0.125,0.16535714285714287,1.645714285714286,1.645714285714286,1.0807142857142857,1.0807142857142857,0.19395465994962213,0.13043478260869568,0.1621947212791589,None,None,1.0,None,None,1.0,0.6619718309859155,0.474937343358396,0.5684545871721558,1.393808762867442,1.393808762867442,1.1870344876275194,1.1870344876275194,0.44393939393939397,0.6428571428571428,0.5433982683982683,0.6905723905723907,0.6905723905723907,0.8010822510822512,0.8010822510822512,0.46935933147632314,0.6126126126126126,0.5409859720444679,None,None,1.0,None,None,1.0,0.6153846153846154,0.7162393162393162,0.6658119658119659,0.8591885441527447,0.8591885441527447,0.8991452991452992,0.8991452991452992,0.7181996086105675,0.6578947368421053,0.6880471727263364,1.0916634050880625,1.0916634050880625,1.0603048717684622,1.0603048717684622,0.7121495327102804,0.671875,0.6920122663551402,None,None,1.0,None,None,1.0,0.3102310231023102,0.3477064220183486,0.3289687225603294,0.8922211482361956,0.8922211482361956,0.9625246010839617,0.9625246010839617,0.3451118963486455,0.33088235294117646,0.33799712464491094,1.0430048422981286,1.0430048422981286,1.014229543407469,1.014229543407469,0.34493346980552714,0.3269230769230769,0.33592827336430203,None,None,1.0,None,None,1.0
Feldman-SVM-DIavgall,lambda=0.15,4,0.6746108949416343,0.4968085106382979,0.8243727598566308,0.6605906352474644,0.34230552850427765,0.5861767279090113,0.5861767279090113,0.8554706781055353,0.6745406824146981,0.6746268656716418,0.6745837740431699,0.999872250481964,0.999872250481964,0.9999138167430563,0.9999138167430563,0.6786764705882353,0.6666666666666666,0.6726715686274509,1.018014705882353,1.018014705882353,1.0120098039215688,1.0120098039215688,0.6752645502645502,0.6727941176470589,0.6740293339558046,None,None,1.0,None,None,1.0,0.3380281690140845,0.525062656641604,0.43154541282784425,0.6437863457595213,0.6437863457595213,0.8129655123724805,0.8129655123724805,0.556060606060606,0.35714285714285715,0.45660173160173156,1.556969696969697,1.556969696969697,1.198917748917749,1.198917748917749,0.5306406685236769,0.38738738738738737,0.45901402795553214,None,None,1.0,None,None,1.0,0.8744769874476988,0.8107183580387686,0.8425976727432336,1.0786446103961065,1.0786446103961065,1.0637586294089303,1.0637586294089303,0.7942857142857143,0.875,0.8346428571428571,0.9077551020408163,0.9077551020408163,0.9192857142857143,0.9192857142857143,0.8060453400503779,0.8695652173913043,0.8378052787208411,None,None,1.0,None,None,1.0,0.12552301255230125,0.18928164196123143,0.15740232725676634,0.6631547108937844,0.6631547108937844,0.9362413705910698,0.9362413705910698,0.20571428571428574,0.125,0.16535714285714287,1.645714285714286,1.645714285714286,1.0807142857142857,1.0807142857142857,0.19395465994962213,0.13043478260869568,0.1621947212791589,None,None,1.0,None,None,1.0,0.6619718309859155,0.474937343358396,0.5684545871721558,1.393808762867442,1.393808762867442,1.1870344876275194,1.1870344876275194,0.44393939393939397,0.6428571428571428,0.5433982683982683,0.6905723905723907,0.6905723905723907,0.8010822510822512,0.8010822510822512,0.46935933147632314,0.6126126126126126,0.5409859720444679,None,None,1.0,None,None,1.0,0.6153846153846154,0.7162393162393162,0.6658119658119659,0.8591885441527447,0.8591885441527447,0.8991452991452992,0.8991452991452992,0.7181996086105675,0.6578947368421053,0.6880471727263364,1.0916634050880625,1.0916634050880625,1.0603048717684622,1.0603048717684622,0.7121495327102804,0.671875,0.6920122663551402,None,None,1.0,None,None,1.0,0.3102310231023102,0.3477064220183486,0.3289687225603294,0.8922211482361956,0.8922211482361956,0.9625246010839617,0.9625246010839617,0.3451118963486455,0.33088235294117646,0.33799712464491094,1.0430048422981286,1.0430048422981286,1.014229543407469,1.014229543407469,0.34493346980552714,0.3269230769230769,0.33592827336430203,None,None,1.0,None,None,1.0
Feldman-SVM-DIavgall,lambda=0.2,4,0.6755836575875487,0.49148936170212765,0.8306451612903226,0.6610672614962252,0.34498851571143896,0.5552452569726363,0.5552452569726363,0.8465264230030948,0.6771653543307087,0.6752238805970149,0.6761946174638618,1.0028753037170088,1.0028753037170088,1.0019414737336938,1.0019414737336938,0.6779411764705883,0.6709770114942529,0.6744590939824207,1.0103791409497418,1.0103791409497418,1.0069641649763352,1.0069641649763352,0.6752645502645502,0.6764705882352942,0.6758675692499222,None,None,1.0,None,None,1.0,0.323943661971831,0.5213032581453634,0.4226234600585972,0.621411159263272,0.621411159263272,0.8026404038264676,0.8026404038264676,0.546969696969697,0.3607142857142857,0.4538419913419913,1.5163516351635165,1.5163516351635165,1.1862554112554113,1.1862554112554113,0.5222841225626741,0.3918918918918919,0.457088007227283,None,None,1.0,None,None,1.0,0.8870292887029289,0.8152793614595211,0.851154325081225,1.0880065541153408,1.0880065541153408,1.071749927243408,1.071749927243408,0.8014285714285714,0.8798076923076923,0.8406181318681318,0.9109133489461358,0.9109133489461358,0.9216208791208791,0.9216208791208791,0.8136020151133502,0.8726708074534162,0.8431364112833832,None,None,1.0,None,None,1.0,0.11297071129707115,0.18472063854047893,0.14884567491877504,0.6115760111576011,0.6115760111576011,0.9282500727565922,0.9282500727565922,0.19857142857142862,0.12019230769230771,0.15938186813186817,1.6521142857142859,1.6521142857142859,1.078379120879121,1.078379120879121,0.18639798488664983,0.1273291925465838,0.15686358871661682,None,None,1.0,None,None,1.0,0.676056338028169,0.4786967418546366,0.5773765399414028,1.412285229702824,1.412285229702824,1.1973595961735324,1.1973595961735324,0.453030303030303,0.6392857142857142,0.5461580086580087,0.7086507533434908,0.7086507533434908,0.8137445887445888,0.8137445887445888,0.4777158774373259,0.6081081081081081,0.5429119927727171,None,None,1.0,None,None,1.0,0.6301369863013698,0.7197231833910035,0.6749300848461867,0.875526870389884,0.875526870389884,0.9104138029103663,0.9104138029103663,0.722,0.6688741721854304,0.6954370860927153,1.0794257425742575,1.0794257425742575,1.0531258278145694,1.0531258278145694,0.7170172084130019,0.6796875,0.6983523542065009,None,None,1.0,None,None,1.0,0.3116883116883117,0.3482224247948952,0.32995536824160343,0.895083973618005,0.895083973618005,0.9634658868934165,0.9634658868934165,0.34767441860465115,0.3284403669724771,0.3380573927885641,1.0585617773158373,1.0585617773158373,1.019234051632174,1.019234051632174,0.3468149646107179,0.3245192307692308,0.3356670976899744,None,None,1.0,None,None,1.0
Feldman-SVM-DIavgall,lambda=0.25,4,0.6755836575875487,0.49148936170212765,0.8306451612903226,0.6610672614962252,0.34498851571143896,0.5552452569726363,0.5552452569726363,0.8465264230030948,0.6771653543307087,0.6752238805970149,0.6761946174638618,1.0028753037170088,1.0028753037170088,1.0019414737336938,1.0019414737336938,0.6779411764705883,0.6709770114942529,0.6744590939824207,1.0103791409497418,1.0103791409497418,1.0069641649763352,1.0069641649763352,0.6752645502645502,0.6764705882352942,0.6758675692499222,None,None,1.0,None,None,1.0,0.323943661971831,0.5213032581453634,0.4226234600585972,0.621411159263272,0.621411159263272,0.8026404038264676,0.8026404038264676,0.546969696969697,0.3607142857142857,0.4538419913419913,1.5163516351635165,1.5163516351635165,1.1862554112554113,1.1862554112554113,0.5222841225626741,0.3918918918918919,0.457088007227283,None,None,1.0,None,None,1.0,0.8870292887029289,0.8152793614595211,0.851154325081225,1.0880065541153408,1.0880065541153408,1.071749927243408,1.071749927243408,0.8014285714285714,0.8798076923076923,0.8406181318681318,0.9109133489461358,0.9109133489461358,0.9216208791208791,0.9216208791208791,0.8136020151133502,0.8726708074534162,0.8431364112833832,None,None,1.0,None,None,1.0,0.11297071129707115,0.18472063854047893,0.14884567491877504,0.6115760111576011,0.6115760111576011,0.9282500727565922,0.9282500727565922,0.19857142857142862,0.12019230769230771,0.15938186813186817,1.6521142857142859,1.6521142857142859,1.078379120879121,1.078379120879121,0.18639798488664983,0.1273291925465838,0.15686358871661682,None,None,1.0,None,None,1.0,0.676056338028169,0.4786967418546366,0.5773765399414028,1.412285229702824,1.412285229702824,1.1973595961735324,1.1973595961735324,0.453030303030303,0.6392857142857142,0.5461580086580087,0.7086507533434908,0.7086507533434908,0.8137445887445888,0.8137445887445888,0.4777158774373259,0.6081081081081081,0.5429119927727171,None,None,1.0,None,None,1.0,0.6301369863013698,0.7197231833910035,0.6749300848461867,0.875526870389884,0.875526870389884,0.9104138029103663,0.9104138029103663,0.722,0.6688741721854304,0.6954370860927153,1.0794257425742575,1.0794257425742575,1.0531258278145694,1.0531258278145694,0.7170172084130019,0.6796875,0.6983523542065009,None,None,1.0,None,None,1.0,0.3116883116883117,0.3482224247948952,0.32995536824160343,0.895083973618005,0.895083973618005,0.9634658868934165,0.9634658868934165,0.34767441860465115,0.3284403669724771,0.3380573927885641,1.0585617773158373,1.0585617773158373,1.019234051632174,1.019234051632174,0.3468149646107179,0.3245192307692308,0.3356670976899744,None,None,1.0,None,None,1.0
Feldman-SVM-DIavgall,lambda=0.3,4,0.6712062256809338,0.4957446808510638,0.8189964157706093,0.6573705483108365,0.3347854025583976,0.6066479764986787,0.6066479764986787,0.8621506640028205,0.6666666666666666,0.6722388059701493,0.669452736318408,0.9917110716400236,0.9917110716400236,0.9944278606965173,0.9944278606965173,0.674264705882353,0.6652298850574713,0.6697472954699122,1.013581501715157,1.013581501715157,1.0090348208248816,1.0090348208248816,0.6706349206349206,0.6727941176470589,0.6717145191409897,None,None,1.0,None,None,1.0,0.3380281690140845,0.5238095238095238,0.43091884641180417,0.645326504481434,0.645326504481434,0.8142186452045607,0.8142186452045607,0.5515151515151515,0.36428571428571427,0.4579004329004329,1.5139631610219846,1.5139631610219846,1.1872294372294372,1.1872294372294372,0.5264623955431755,0.3963963963963964,0.46142939596978594,None,None,1.0,None,None,1.0,0.8619246861924686,0.8072976054732041,0.8346111458328364,1.0676665957497105,1.0676665957497105,1.0546270807192646,1.0546270807192646,0.79,0.8677884615384616,0.8288942307692309,0.9103601108033241,0.9103601108033241,0.9222115384615385,0.9222115384615385,0.801007556675063,0.8633540372670807,0.8321807969710718,None,None,1.0,None,None,1.0,0.13807531380753135,0.19270239452679594,0.16538885416716365,0.716521007155059,0.716521007155059,0.9453729192807354,0.9453729192807354,0.20999999999999996,0.13221153846153844,0.1711057692307692,1.5883636363636364,1.5883636363636364,1.0777884615384616,1.0777884615384616,0.19899244332493704,0.1366459627329193,0.16781920302892817,None,None,1.0,None,None,1.0,0.6619718309859155,0.47619047619047616,0.5690811535881959,1.3901408450704227,1.3901408450704227,1.1857813547954392,1.1857813547954392,0.4484848484848485,0.6357142857142857,0.5420995670995671,0.7054817841334696,0.7054817841334696,0.8127705627705628,0.8127705627705628,0.47353760445682447,0.6036036036036037,0.5385706040302141,None,None,1.0,None,None,1.0,0.5925925925925926,0.7120954003407155,0.652343996466654,0.8321814637604111,0.8321814637604111,0.8804971922518771,0.8804971922518771,0.7123287671232876,0.6496815286624203,0.681005147892854,1.0964276121407468,1.0964276121407468,1.0626472384608672,1.0626472384608672,0.7052238805970149,0.6666666666666666,0.6859452736318408,None,None,1.0,None,None,1.0,0.31333333333333335,0.3492647058823529,0.33129901960784314,0.897122807017544,0.897122807017544,0.9640686274509804,0.9640686274509804,0.3486454652532391,0.3302411873840445,0.3394433263186418,1.055729807705033,1.055729807705033,1.0184042778691946,1.0184042778691946,0.3483606557377049,0.32524271844660196,0.3368016870921534,None,None,1.0,None,None,1.0
Feldman-SVM-DIavgall,lambda=0.35,4,0.6712062256809338,0.4957446808510638,0.8189964157706093,0.6573705483108365,0.3347854025583976,0.6066479764986787,0.6066479764986787,0.8621506640028205,0.6666666666666666,0.6722388059701493,0.669452736318408,0.9917110716400236,0.9917110716400236,0.9944278606965173,0.9944278606965173,0.674264705882353,0.6652298850574713,0.6697472954699122,1.013581501715157,1.013581501715157,1.0090348208248816,1.0090348208248816,0.6706349206349206,0.6727941176470589,0.6717145191409897,None,None,1.0,None,None,1.0,0.3380281690140845,0.5238095238095238,0.43091884641180417,0.645326504481434,0.645326504481434,0.8142186452045607,0.8142186452045607,0.5515151515151515,0.36428571428571427,0.4579004329004329,1.5139631610219846,1.5139631610219846,1.1872294372294372,1.1872294372294372,0.5264623955431755,0.3963963963963964,0.46142939596978594,None,None,1.0,None,None,1.0,0.8619246861924686,0.8072976054732041,0.8346111458328364,1.0676665957497105,1.0676665957497105,1.0546270807192646,1.0546270807192646,0.79,0.8677884615384616,0.8288942307692309,0.9103601108033241,0.9103601108033241,0.9222115384615385,0.9222115384615385,0.801007556675063,0.8633540372670807,0.8321807969710718,None,None,1.0,None,None,1.0,0.13807531380753135,0.19270239452679594,0.16538885416716365,0.716521007155059,0.716521007155059,0.9453729192807354,0.9453729192807354,0.20999999999999996,0.13221153846153844,0.1711057692307692,1.5883636363636364,1.5883636363636364,1.0777884615384616,1.0777884615384616,0.19899244332493704,0.1366459627329193,0.16781920302892817,None,None,1.0,None,None,1.0,0.6619718309859155,0.47619047619047616,0.5690811535881959,1.3901408450704227,1.3901408450704227,1.1857813547954392,1.1857813547954392,0.4484848484848485,0.6357142857142857,0.5420995670995671,0.7054817841334696,0.7054817841334696,0.8127705627705628,0.8127705627705628,0.47353760445682447,0.6036036036036037,0.5385706040302141,None,None,1.0,None,None,1.0,0.5925925925925926,0.7120954003407155,0.652343996466654,0.8321814637604111,0.8321814637604111,0.8804971922518771,0.8804971922518771,0.7123287671232876,0.6496815286624203,0.681005147892854,1.0964276121407468,1.0964276121407468,1.0626472384608672,1.0626472384608672,0.7052238805970149,0.6666666666666666,0.6859452736318408,None,None,1.0,None,None,1.0,0.31333333333333335,0.3492647058823529,0.33129901960784314,0.897122807017544,0.897122807017544,0.9640686274509804,0.9640686274509804,0.3486454652532391,0.3302411873840445,0.3394433263186418,1.055729807705033,1.055729807705033,1.0184042778691946,1.0184042778691946,0.3483606557377049,0.32524271844660196,0.3368016870921534,None,None,1.0,None,None,1.0
Feldman-SVM-DIavgall,lambda=0.4,4,0.6712062256809338,0.4946808510638298,0.8198924731182796,0.6572866620910547,0.3348678093481234,0.6001809500774861,0.6001809500774861,0.8601230070121832,0.6640419947506562,0.6728358208955224,0.6684389078230892,0.9869302051529273,0.9869302051529273,0.9912061738551338,0.9912061738551338,0.6735294117647059,0.6666666666666666,0.6700980392156863,1.010294117647059,1.010294117647059,1.0068627450980392,1.0068627450980392,0.669973544973545,0.6746323529411765,0.6723029489573608,None,None,1.0,None,None,1.0,0.33098591549295775,0.5238095238095238,0.4273977196512408,0.6318822023047375,0.6318822023047375,0.8071763916834339,0.8071763916834339,0.55,0.36428571428571427,0.4571428571428572,1.5098039215686276,1.5098039215686276,1.1857142857142857,1.1857142857142857,0.5250696378830083,0.3963963963963964,0.4607330171397024,None,None,1.0,None,None,1.0,0.8619246861924686,0.8084378563283923,0.8351812712604305,1.0661607190279196,1.0661607190279196,1.0534868298640765,1.0534868298640765,0.79,0.8701923076923077,0.8300961538461539,0.9078453038674034,0.9078453038674034,0.9198076923076923,0.9198076923076923,0.801007556675063,0.8664596273291926,0.8337335920021278,None,None,1.0,None,None,1.0,0.13807531380753135,0.19156214367160773,0.16481872873956954,0.7207860131500298,0.7207860131500298,0.9465131701359236,0.9465131701359236,0.20999999999999996,0.1298076923076923,0.16990384615384613,1.6177777777777778,1.6177777777777778,1.0801923076923077,1.0801923076923077,0.19899244332493704,0.13354037267080743,0.16626640799787223,None,None,1.0,None,None,1.0,0.6690140845070423,0.47619047619047616,0.5726022803487592,1.4049295774647887,1.4049295774647887,1.1928236083165662,1.1928236083165662,0.44999999999999996,0.6357142857142857,0.5428571428571428,0.7078651685393258,0.7078651685393258,0.8142857142857143,0.8142857142857143,0.4749303621169917,0.6036036036036037,0.5392669828602976,None,None,1.0,None,None,1.0,0.5875,0.7133105802047781,0.6504052901023891,0.8236244019138756,0.8236244019138756,0.8741894197952219,0.8741894197952219,0.711764705882353,0.6538461538461539,0.6828054298642534,1.0885813148788928,1.0885813148788928,1.0579185520361991,1.0579185520361991,0.7046728971962617,0.6717557251908397,0.6882143111935507,None,None,1.0,None,None,1.0,0.31561461794019935,0.34894398530762166,0.3322793016239105,0.9044850498338871,0.9044850498338871,0.9666706326325777,0.9666706326325777,0.34941176470588237,0.3296296296296296,0.339520697167756,1.0600132187706544,1.0600132187706544,1.0197821350762528,1.0197821350762528,0.3490276356192426,0.324455205811138,0.3367414207151903,None,None,1.0,None,None,1.0
Feldman-SVM-DIavgall,lambda=0.45,4,0.6721789883268483,0.4978723404255319,0.8189964157706093,0.6584343780980706,0.33678785874939504,0.6045880512813657,0.6045880512813657,0.8609566341520742,0.6666666666666666,0.6734328358208955,0.6700497512437811,0.9899527186761229,0.9899527186761229,0.9932338308457711,0.9932338308457711,0.675,0.6666666666666666,0.6708333333333334,1.0125000000000002,1.0125000000000002,1.0083333333333333,1.0083333333333333,0.6712962962962963,0.6746323529411765,0.6729643246187365,None,None,1.0,None,None,1.0,0.3380281690140845,0.5263157894736842,0.43217197924388434,0.6422535211267606,0.6422535211267606,0.8117123795404003,0.8117123795404003,0.553030303030303,0.3678571428571429,0.46044372294372293,1.503383348043542,1.503383348043542,1.18517316017316,1.18517316017316,0.5278551532033426,0.4009009009009009,0.4643780270521218,None,None,1.0,None,None,1.0,0.8619246861924686,0.8072976054732041,0.8346111458328364,1.0676665957497105,1.0676665957497105,1.0546270807192646,1.0546270807192646,0.79,0.8677884615384616,0.8288942307692309,0.9103601108033241,0.9103601108033241,0.9222115384615385,0.9222115384615385,0.801007556675063,0.8633540372670807,0.8321807969710718,None,None,1.0,None,None,1.0,0.13807531380753135,0.19270239452679594,0.16538885416716365,0.716521007155059,0.716521007155059,0.9453729192807354,0.9453729192807354,0.20999999999999996,0.13221153846153844,0.1711057692307692,1.5883636363636364,1.5883636363636364,1.0777884615384616,1.0777884615384616,0.19899244332493704,0.1366459627329193,0.16781920302892817,None,None,1.0,None,None,1.0,0.6619718309859155,0.4736842105263158,0.5678280207561157,1.3974960876369327,1.3974960876369327,1.1882876204595996,1.1882876204595996,0.446969696969697,0.6321428571428571,0.5395562770562771,0.7070707070707072,0.7070707070707072,0.8148268398268399,0.8148268398268399,0.47214484679665736,0.5990990990990991,0.5356219729478782,None,None,1.0,None,None,1.0,0.5925925925925926,0.7130730050933786,0.6528327988429856,0.8310405643738977,0.8310405643738977,0.879519587499214,0.879519587499214,0.712890625,0.6518987341772152,0.6823946795886076,1.0935603762135921,1.0935603762135921,1.0609918908227849,1.0609918908227849,0.7057728119180633,0.6691729323308271,0.6874728721244452,None,None,1.0,None,None,1.0,0.31333333333333335,0.34806629834254144,0.3306998158379374,0.9002116402116402,0.9002116402116402,0.9652670349907919,0.9652670349907919,0.34787735849056606,0.32899628252788105,0.3384368205092235,1.0573899371069182,1.0573899371069182,1.018881075962685,1.018881075962685,0.3476923076923077,0.3236009732360097,0.3356466404641587,None,None,1.0,None,None,1.0
Feldman-SVM-DIavgall,lambda=0.5,4,0.6750972762645915,0.4968085106382979,0.8252688172043011,0.6610386639212995,0.34339644661936974,0.5532790544039138,0.5532790544039138,0.8431809456653739,0.6797900262467191,0.6740298507462686,0.6769099384964938,1.00854587596391,1.00854587596391,1.0057601755004506,1.0057601755004506,0.675,0.6752873563218391,0.6751436781609196,0.9995744680851064,0.9995744680851064,0.9997126436781609,0.9997126436781609,0.6732804232804233,0.6801470588235294,0.6767137410519763,None,None,1.0,None,None,1.0,0.33098591549295775,0.5263157894736842,0.42865085248332097,0.6288732394366198,0.6288732394366198,0.8046701260192736,0.8046701260192736,0.5454545454545454,0.3821428571428571,0.46379870129870127,1.427357689039932,1.427357689039932,1.1633116883116883,1.1633116883116883,0.520891364902507,0.4189189189189189,0.469905141910713,None,None,1.0,None,None,1.0,0.8870292887029289,0.8084378563283923,0.8477335725156605,1.0972139438539754,1.0972139438539754,1.0785914323745365,1.0785914323745365,0.7971428571428572,0.8725961538461539,0.8348695054945054,0.913530106257379,0.913530106257379,0.9245467032967033,0.9245467032967033,0.8110831234256927,0.860248447204969,0.8356657853153309,None,None,1.0,None,None,1.0,0.11297071129707115,0.19156214367160773,0.15226642748433944,0.5897340107591155,0.5897340107591155,0.9214085676254634,0.9214085676254634,0.20285714285714285,0.12740384615384615,0.1651304945054945,1.5922371967654987,1.5922371967654987,1.0754532967032966,1.0754532967032966,0.18891687657430734,0.13975155279503104,0.1643342146846692,None,None,1.0,None,None,1.0,0.6690140845070423,0.4736842105263158,0.571349147516679,1.4123630672926446,1.4123630672926446,1.1953298739807265,1.1953298739807265,0.4545454545454546,0.6178571428571429,0.5362012987012987,0.7356805044666317,0.7356805044666317,0.8366883116883117,0.8366883116883117,0.479108635097493,0.5810810810810811,0.530094858089287,None,None,1.0,None,None,1.0,0.6351351351351351,0.7142857142857143,0.6747104247104247,0.8891891891891891,0.8891891891891891,0.9208494208494208,0.9208494208494208,0.7171314741035857,0.66875,0.6929407370517928,1.0723461295006889,1.0723461295006889,1.0483814741035857,1.0483814741035857,0.7137404580152672,0.6739130434782609,0.693826750746764,None,None,1.0,None,None,1.0,0.30944625407166126,0.34774609015639374,0.3285961721140275,0.889862640676973,0.889862640676973,0.9617001639152676,0.9617001639152676,0.34965034965034963,0.32276119402985076,0.3362057718401002,1.083309753829985,1.083309753829985,1.0268891556204989,1.0268891556204989,0.3481781376518219,0.31773399014778325,0.3329560638998026,None,None,1.0,None,None,1.0
Feldman-SVM-DIavgall,lambda=0.55,4,0.6843385214007782,0.5414893617021277,0.8046594982078853,0.6730744299550064,0.3606859569810228,0.7256755165219732,0.7256755165219732,0.8978038939162456,0.6771653543307087,0.6859701492537313,0.6815677517922201,0.9871644634499017,0.9871644634499017,0.9911952050769773,0.9911952050769773,0.6882352941176471,0.6767241379310345,0.6824797160243408,1.0170101161483702,1.0170101161483702,1.0115111561866126,1.0115111561866126,0.6832010582010583,0.6875,0.6853505291005291,None,None,1.0,None,None,1.0,0.4295774647887324,0.5614035087719298,0.4954904867803311,0.7651848591549296,0.7651848591549296,0.8681739560168026,0.8681739560168026,0.603030303030303,0.3964285714285714,0.4997294372294372,1.5211575211575212,1.5211575211575212,1.2066017316017317,1.2066017316017317,0.5766016713091922,0.42792792792792794,0.5022647996185601,None,None,1.0,None,None,1.0,0.8242677824267782,0.7993158494868872,0.8117918159568327,1.0312166122514757,1.0312166122514757,1.024951932939891,1.024951932939891,0.7685714285714286,0.8653846153846154,0.816978021978022,0.8881269841269841,0.8881269841269841,0.9031868131868132,0.9031868131868132,0.7795969773299748,0.8664596273291926,0.8230283023295837,None,None,1.0,None,None,1.0,0.17573221757322177,0.20068415051311284,0.1882081840431673,0.8756656523392928,0.8756656523392928,0.9750480670601089,0.9750480670601089,0.23142857142857143,0.13461538461538458,0.183021978021978,1.7191836734693882,1.7191836734693882,1.0968131868131867,1.0968131868131867,0.2204030226700252,0.13354037267080743,0.17697169767041632,None,None,1.0,None,None,1.0,0.5704225352112676,0.4385964912280702,0.5045095132196689,1.30056338028169,1.30056338028169,1.1318260439831973,1.1318260439831973,0.396969696969697,0.6035714285714286,0.5002705627705628,0.6577012730858884,0.6577012730858884,0.7933982683982683,0.7933982683982683,0.42339832869080785,0.572072072072072,0.4977352003814399,None,None,1.0,None,None,1.0,0.5922330097087378,0.717948717948718,0.6550908638287278,0.8248959778085991,0.8248959778085991,0.8742842917600199,0.8742842917600199,0.7107142857142857,0.6646706586826348,0.6876924721984603,1.0692728442728443,1.0692728442728443,1.046043627031651,1.046043627031651,0.7028862478777589,0.6884057971014492,0.695646022489604,None,None,1.0,None,None,1.0,0.29136690647482016,0.3330161750713606,0.3121915407730904,0.8749331963001028,0.8749331963001028,0.9583507314034596,0.9583507314034596,0.3275,0.31947069943289225,0.32348534971644616,1.0251331360946747,1.0251331360946747,1.0080293005671077,1.0080293005671077,0.3293607800650054,0.312807881773399,0.3210843309192022,None,None,1.0,None,None,1.0
Feldman-SVM-DIavgall,lambda=0.6,4,0.6843385214007782,0.5436170212765957,0.8028673835125448,0.6732422023945703,0.3605895099530972,0.7456167979002625,0.7456167979002625,0.905080894738904,0.6797900262467191,0.6853731343283582,0.6825815802875387,0.9918539146021381,0.9918539146021381,0.9944168919183609,0.9944168919183609,0.6875,0.6781609195402298,0.6828304597701149,1.013771186440678,1.013771186440678,1.0093390804597702,1.0093390804597702,0.6832010582010583,0.6875,0.6853505291005291,None,None,1.0,None,None,1.0,0.44366197183098594,0.5614035087719298,0.5025327403014579,0.7902728873239437,0.7902728873239437,0.8822584630590562,0.8822584630590562,0.6045454545454545,0.4,0.5022727272727272,1.5113636363636362,1.5113636363636362,1.2045454545454546,1.2045454545454546,0.5793871866295265,0.42792792792792794,0.5036575572787272,None,None,1.0,None,None,1.0,0.8200836820083682,0.798175598631699,0.8091296403200336,1.02744769874477,1.02744769874477,1.0219080833766694,1.0219080833766694,0.7657142857142857,0.8653846153846154,0.8155494505494505,0.8848253968253967,0.8848253968253967,0.9003296703296703,0.9003296703296703,0.7770780856423174,0.8664596273291926,0.821768856485755,None,None,1.0,None,None,1.0,0.17991631799163177,0.20182440136830104,0.1908703596799664,0.8914497789754862,0.8914497789754862,0.9780919166233307,0.9780919166233307,0.23428571428571432,0.13461538461538458,0.18445054945054945,1.7404081632653068,1.7404081632653068,1.0996703296703298,1.0996703296703298,0.2229219143576826,0.13354037267080743,0.17823114351424502,None,None,1.0,None,None,1.0,0.556338028169014,0.4385964912280702,0.4974672596985421,1.2684507042253519,1.2684507042253519,1.1177415369409438,1.1177415369409438,0.3954545454545455,0.6,0.49772727272727274,0.6590909090909092,0.6590909090909092,0.7954545454545455,0.7954545454545455,0.4206128133704735,0.572072072072072,0.49634244272127276,None,None,1.0,None,None,1.0,0.5943396226415094,0.7168,0.6555698113207546,0.8291568396226415,0.8291568396226415,0.8775396226415094,0.8775396226415094,0.7087033747779752,0.6666666666666666,0.6876850207223208,1.0630550621669628,1.0630550621669628,1.0420367081113087,1.0420367081113087,0.7015177065767285,0.6884057971014492,0.6949617518390889,None,None,1.0,None,None,1.0,0.2872727272727273,0.3333333333333333,0.3103030303030303,0.8618181818181819,0.8618181818181819,0.953939393939394,0.953939393939394,0.32747804265997493,0.3181818181818182,0.3228299304208966,1.0292167055027783,1.0292167055027783,1.0092962244781567,1.0092962244781567,0.32861806311207836,0.312807881773399,0.32071297244273866,None,None,1.0,None,None,1.0
Feldman-SVM-DIavgall,lambda=0.65,4,0.6823929961089494,0.5404255319148936,0.8019713261648745,0.671198429039884,0.356555031495993,0.72335706439251,0.72335706439251,0.8966098640654993,0.6771653543307087,0.6835820895522388,0.6803737219414737,0.9906130729292028,0.9906130729292028,0.9935832647784699,0.9935832647784699,0.6852941176470588,0.6767241379310345,0.6810091277890467,1.012663919070813,1.012663919070813,1.0085699797160244,1.0085699797160244,0.6805555555555556,0.6875,0.6840277777777778,None,None,1.0,None,None,1.0,0.4295774647887324,0.5601503759398496,0.494863920364291,0.7668966821060591,0.7668966821060591,0.8694270888488828,0.8694270888488828,0.6015151515151516,0.3964285714285714,0.49897186147186146,1.5173355173355174,1.5173355173355174,1.2050865800865802,1.2050865800865802,0.575208913649025,0.42792792792792794,0.5015684207884765,None,None,1.0,None,None,1.0,0.8242677824267782,0.7958950969213227,0.8100814396740504,1.0356487753413819,1.0356487753413819,1.0283726855054556,1.0283726855054556,0.7642857142857142,0.8653846153846154,0.8148351648351648,0.8831746031746031,0.8831746031746031,0.8989010989010988,0.8989010989010988,0.7758186397984886,0.8664596273291926,0.8211391335638406,None,None,1.0,None,None,1.0,0.17573221757322177,0.20410490307867735,0.18991856032594956,0.8609896916855613,0.8609896916855613,0.9716273144945444,0.9716273144945444,0.23571428571428577,0.13461538461538458,0.18516483516483517,1.751020408163266,1.751020408163266,1.1010989010989012,1.1010989010989012,0.22418136020151136,0.13354037267080743,0.1788608664361594,None,None,1.0,None,None,1.0,0.5704225352112676,0.4398496240601504,0.505136079635709,1.2968580715059588,1.2968580715059588,1.1305729111511171,1.1305729111511171,0.39848484848484844,0.6035714285714286,0.5010281385281385,0.6602115832885063,0.6602115832885063,0.7949134199134198,0.7949134199134198,0.42479108635097496,0.572072072072072,0.4984315792115235,None,None,1.0,None,None,1.0,0.5922330097087378,0.7140575079872205,0.6531452588479791,0.8293911948046306,0.8293911948046306,0.8781755017215174,0.8781755017215174,0.7064056939501779,0.6646706586826348,0.6855381763164063,1.062790548555673,1.062790548555673,1.0417350352675432,1.0417350352675432,0.6988155668358714,0.6884057971014492,0.6936106819686603,None,None,1.0,None,None,1.0,0.29136690647482016,0.334604385128694,0.3129856458017571,0.8707802988378528,0.8707802988378528,0.9567625213461262,0.9567625213461262,0.32957393483709274,0.31947069943289225,0.32452231713499247,1.0316249202888879,1.0316249202888879,1.0101032354042006,1.0101032354042006,0.3311617806731813,0.312807881773399,0.32198483122329014,None,None,1.0,None,None,1.0
Feldman-SVM-DIavgall,lambda=0.7,4,0.6833657587548638,0.5446808510638298,0.8001792114695341,0.672430031266682,0.35846259824697113,0.7408751966417553,0.7408751966417553,0.9026928350374114,0.6797900262467191,0.684179104477612,0.6819845653621656,0.9935848987462954,0.9935848987462954,0.9956109217691071,0.9956109217691071,0.6860294117647059,0.6781609195402298,0.6820951656524679,1.0116026919242274,1.0116026919242274,1.007868492224476,1.007868492224476,0.6818783068783069,0.6875,0.6846891534391535,None,None,1.0,None,None,1.0,0.44366197183098594,0.5626566416040101,0.503159306717498,0.7885128140782333,0.7885128140782333,0.8810053302269758,0.8810053302269758,0.6060606060606061,0.4,0.503030303030303,1.5151515151515151,1.5151515151515151,1.206060606060606,1.206060606060606,0.5807799442896936,0.42792792792792794,0.5043539361088107,None,None,1.0,None,None,1.0,0.8200836820083682,0.7947548460661346,0.8074192640372514,1.0318699987393671,1.0318699987393671,1.0253288359422337,1.0253288359422337,0.7614285714285715,0.8653846153846154,0.8134065934065935,0.8798730158730159,0.8798730158730159,0.896043956043956,0.896043956043956,0.7732997481108312,0.8664596273291926,0.8198796877200119,None,None,1.0,None,None,1.0,0.17991631799163177,0.20524515393386544,0.1925807359627486,0.8765922826592282,0.8765922826592282,0.9746711640577663,0.9746711640577663,0.23857142857142855,0.13461538461538458,0.18659340659340656,1.7722448979591838,1.7722448979591838,1.1039560439560439,1.1039560439560439,0.22670025188916876,0.13354037267080743,0.1801203122799881,None,None,1.0,None,None,1.0,0.556338028169014,0.4373433583959899,0.49684069328250197,1.2720852334638202,1.2720852334638202,1.118994669773024,1.118994669773024,0.3939393939393939,0.6,0.49696969696969695,0.6565656565656566,0.6565656565656566,0.793939393939394,0.793939393939394,0.4192200557103064,0.572072072072072,0.4956460638911892,None,None,1.0,None,None,1.0,0.5943396226415094,0.7138314785373608,0.6540855505894352,0.8326049502038072,0.8326049502038072,0.8805081441041486,0.8805081441041486,0.7054673721340388,0.6666666666666666,0.6860670194003526,1.0582010582010581,1.0582010582010581,1.0388007054673722,1.0388007054673722,0.6984924623115578,0.6884057971014492,0.6934491297065035,None,None,1.0,None,None,1.0,0.2872727272727273,0.33365200764818354,0.3104623674604554,0.8609950507944778,0.8609950507944778,0.9536207196245438,0.9536207196245438,0.32786885245901637,0.3181818181818182,0.3230253353204173,1.0304449648711944,1.0304449648711944,1.0096870342771982,1.0096870342771982,0.3289617486338798,0.312807881773399,0.32088481520363943,None,None,1.0,None,None,1.0
Feldman-SVM-DIavgall,lambda=0.75,4,0.686284046692607,0.548936170212766,0.8019713261648745,0.6754537481888203,0.3645293729029839,0.7712851683013309,0.7712851683013309,0.9143855525521997,0.6797900262467191,0.6877611940298507,0.6837756101382849,0.9884099773986585,0.9884099773986585,0.9920288322168684,0.9920288322168684,0.6897058823529412,0.6795977011494253,0.6846517917511832,1.0148737719189156,1.0148737719189156,1.010108181203516,1.010108181203516,0.6858465608465608,0.6875,0.6866732804232805,None,None,1.0,None,None,1.0,0.45774647887323944,0.5651629072681704,0.5114546930707049,0.8099372286936698,0.8099372286936698,0.892583571605069,0.892583571605069,0.6060606060606061,0.4142857142857143,0.5101731601731602,1.4629049111807733,1.4629049111807733,1.1917748917748918,1.1917748917748918,0.5835654596100278,0.4369369369369369,0.5102511982734823,None,None,1.0,None,None,1.0,0.8117154811715481,0.7993158494868872,0.8055156653292177,1.0155128059735345,1.0155128059735345,1.0123996316846609,1.0123996316846609,0.7685714285714286,0.8581730769230769,0.8133722527472527,0.8955902360944378,0.8955902360944378,0.9103983516483517,0.9103983516483517,0.7783375314861462,0.860248447204969,0.8192929893455576,None,None,1.0,None,None,1.0,0.18828451882845187,0.20068415051311284,0.19448433467078236,0.9382131989349565,0.9382131989349565,0.987600368315339,0.987600368315339,0.23142857142857143,0.14182692307692313,0.18662774725274728,1.6317675544794183,1.6317675544794183,1.0896016483516484,1.0896016483516484,0.22166246851385385,0.13975155279503104,0.18070701065444245,None,None,1.0,None,None,1.0,0.5422535211267605,0.4348370927318296,0.48854530692929504,1.2470268295652878,1.2470268295652878,1.1074164283949308,1.1074164283949308,0.3939393939393939,0.5857142857142856,0.4898268398268398,0.672579453067258,0.672579453067258,0.8082251082251083,0.8082251082251083,0.4164345403899722,0.5630630630630631,0.48974880172651764,None,None,1.0,None,None,1.0,0.5909090909090909,0.7192982456140351,0.655103668261563,0.8215077605321508,0.8215077605321508,0.8716108452950558,0.8716108452950558,0.7117437722419929,0.6628571428571428,0.6873004575495678,1.0737513805374894,1.0737513805374894,1.04888662938485,1.04888662938485,0.704201680672269,0.6830985915492958,0.6936501361107823,None,None,1.0,None,None,1.0,0.28413284132841327,0.33110687022900764,0.3076198557787104,0.8581303104097323,0.8581303104097323,0.9530259710994056,0.9530259710994056,0.3258145363408521,0.31477927063339733,0.3202969034871247,1.035057155082829,1.035057155082829,1.0110352657074548,1.0110352657074548,0.3260632497273719,0.31094527363184077,0.3185042616796063,None,None,1.0,None,None,1.0
Feldman-SVM-DIavgall,lambda=0.8,4,0.686284046692607,0.55,0.8010752688172043,0.6755376344086022,0.36448625418398867,0.7688327512320102,0.7688327512320102,0.9131915227014533,0.6797900262467191,0.6877611940298507,0.6837756101382849,0.9884099773986585,0.9884099773986585,0.9920288322168684,0.9920288322168684,0.6889705882352941,0.6810344827586207,0.6850025354969573,1.0116530156366343,1.0116530156366343,1.0079361054766736,1.0079361054766736,0.6851851851851852,0.6893382352941176,0.6872617102396514,None,None,1.0,None,None,1.0,0.45774647887323944,0.5664160401002506,0.512081259486745,0.8081453321700113,0.8081453321700113,0.8913304387729888,0.8913304387729888,0.6060606060606061,0.41785714285714287,0.5119588744588744,1.4504014504014504,1.4504014504014504,1.1882034632034633,1.1882034632034633,0.5835654596100278,0.44144144144144143,0.5125034505257346,None,None,1.0,None,None,1.0,0.8117154811715481,0.798175598631699,0.8049455399016235,1.0169635385534967,1.0169635385534967,1.0135398825398492,1.0135398825398492,0.7671428571428571,0.8581730769230769,0.812657967032967,0.8939255702280913,0.8939255702280913,0.9089697802197803,0.9089697802197803,0.7770780856423174,0.860248447204969,0.8186632664236432,None,None,1.0,None,None,1.0,0.18828451882845187,0.20182440136830104,0.19505446009837646,0.9329125593929507,0.9329125593929507,0.9864601174601508,0.9864601174601508,0.23285714285714287,0.14182692307692313,0.187342032967033,1.6418401937046,1.6418401937046,1.0910302197802197,1.0910302197802197,0.2229219143576826,0.13975155279503104,0.18133673357635682,None,None,1.0,None,None,1.0,0.5422535211267605,0.4335839598997494,0.48791874051325496,1.2506309533501585,1.2506309533501585,1.108669561227011,1.108669561227011,0.3939393939393939,0.5821428571428571,0.4880411255411255,0.676705707380554,0.676705707380554,0.8117965367965368,0.8117965367965368,0.4164345403899722,0.5585585585585586,0.4874965494742654,None,None,1.0,None,None,1.0,0.5909090909090909,0.7186009538950715,0.6547550224020813,0.8223049074818988,0.8223049074818988,0.8723081370140194,0.8723081370140194,0.7104795737122558,0.6647727272727273,0.6876261504924915,1.0687555980628805,1.0687555980628805,1.0457068464395285,1.0457068464395285,0.7030201342281879,0.6853146853146853,0.6941674097714365,None,None,1.0,None,None,1.0,0.28413284132841327,0.33078393881453155,0.3074583900714724,0.8589680694494806,0.8589680694494806,0.9533489025138817,0.9533489025138817,0.32622333751568383,0.31346153846153846,0.3198424379886111,1.0407124877800957,1.0407124877800957,1.0127617990541453,1.0127617990541453,0.32641921397379914,0.3092269326683292,0.3178230733210642,None,None,1.0,None,None,1.0
Feldman-SVM-DIavgall,lambda=0.85,4,0.6877431906614786,0.548936170212766,0.8046594982078853,0.6767978342103256,0.36765392163104105,0.7832939421898105,0.7832939421898105,0.9193982841697026,0.6824146981627297,0.688955223880597,0.6856849610216633,0.9905066026192133,0.9905066026192133,0.9934594742821327,0.9934594742821327,0.6904411764705882,0.6824712643678161,0.6864562204192022,1.0116780185758514,1.0116780185758514,1.007969912102772,1.007969912102772,0.6865079365079365,0.6911764705882353,0.6888422035480859,None,None,1.0,None,None,1.0,0.4647887323943662,0.5639097744360902,0.5143492534152282,0.824225352112676,0.824225352112676,0.9008789579582759,0.9008789579582759,0.6060606060606061,0.4142857142857143,0.5101731601731602,1.4629049111807733,1.4629049111807733,1.1917748917748918,1.1917748917748918,0.5835654596100278,0.4369369369369369,0.5102511982734823,None,None,1.0,None,None,1.0,0.8117154811715481,0.8027366020524516,0.8072260416119998,1.0111853366298973,1.0111853366298973,1.0089788791190966,1.0089788791190966,0.77,0.8629807692307693,0.8164903846153846,0.8922562674094707,0.8922562674094707,0.9070192307692307,0.9070192307692307,0.7795969773299748,0.8664596273291926,0.8230283023295837,None,None,1.0,None,None,1.0,0.18828451882845187,0.19726339794754844,0.19277395838800016,0.9544827919800711,0.9544827919800711,0.9910211208809034,0.9910211208809034,0.22999999999999998,0.13701923076923073,0.18350961538461535,1.6785964912280706,1.6785964912280706,1.0929807692307691,1.0929807692307691,0.2204030226700252,0.13354037267080743,0.17697169767041632,None,None,1.0,None,None,1.0,0.5352112676056338,0.43609022556390975,0.48565074658477175,1.2272948033025741,1.2272948033025741,1.0991210420417241,1.0991210420417241,0.3939393939393939,0.5857142857142856,0.4898268398268398,0.672579453067258,0.672579453067258,0.8082251082251083,0.8082251082251083,0.4164345403899722,0.5630630630630631,0.48974880172651764,None,None,1.0,None,None,1.0,0.5945945945945946,0.7223113964686998,0.6584529955316472,0.8231831831831833,0.8231831831831833,0.8722831981258948,0.8722831981258948,0.7130124777183601,0.6705202312138728,0.6917663544661165,1.0633720572868646,1.0633720572868646,1.0424922465044872,1.0424922465044872,0.7053872053872053,0.6928571428571428,0.699122174122174,None,None,1.0,None,None,1.0,0.2814814814814815,0.33079847908745247,0.306139980284467,0.8509152830991912,0.8509152830991912,0.950683002394029,0.950683002394029,0.32540675844806005,0.3135755258126195,0.3194911421303398,1.0377300894410695,1.0377300894410695,1.0118312326354406,1.0118312326354406,0.32570806100217864,0.3094059405940594,0.317557000798119,None,None,1.0,None,None,1.0
Feldman-SVM-DIavgall,lambda=0.9,4,0.6867704280155642,0.548936170212766,0.8028673835125448,0.6759017768626554,0.3655698524669953,0.7642734849531369,0.7642734849531369,0.9117608806361892,0.6824146981627297,0.6877611940298507,0.6850879460962902,0.9922262321376496,0.9922262321376496,0.994653504132879,0.994653504132879,0.6889705882352941,0.6824712643678161,0.6857209263015551,1.0095232198142414,1.0095232198142414,1.006499323867478,1.006499323867478,0.6845238095238095,0.6930147058823529,0.6887692577030813,None,None,1.0,None,None,1.0,0.45774647887323944,0.5651629072681704,0.5114546930707049,0.8099372286936698,0.8099372286936698,0.892583571605069,0.892583571605069,0.6060606060606061,0.4142857142857143,0.5101731601731602,1.4629049111807733,1.4629049111807733,1.1917748917748918,1.1917748917748918,0.5821727019498607,0.44144144144144143,0.5118070716956511,None,None,1.0,None,None,1.0,0.8158995815899581,0.7993158494868872,0.8076077155384227,1.0207474080661816,1.0207474080661816,1.0165837321030708,1.0165837321030708,0.7671428571428571,0.8629807692307693,0.8150618131868133,0.8889454834858734,0.8889454834858734,0.9041620879120879,0.9041620879120879,0.7770780856423174,0.8664596273291926,0.821768856485755,None,None,1.0,None,None,1.0,0.18410041841004188,0.20068415051311284,0.19239228446157736,0.9173640167364021,0.9173640167364021,0.983416267896929,0.983416267896929,0.23285714285714287,0.13701923076923073,0.1849381868131868,1.6994486215538853,1.6994486215538853,1.0958379120879123,1.0958379120879123,0.2229219143576826,0.13354037267080743,0.17823114351424502,None,None,1.0,None,None,1.0,0.5422535211267605,0.4348370927318296,0.48854530692929504,1.2470268295652878,1.2470268295652878,1.1074164283949308,1.1074164283949308,0.3939393939393939,0.5857142857142856,0.4898268398268398,0.672579453067258,0.672579453067258,0.8082251082251083,0.8082251082251083,0.4178272980501393,0.5585585585585586,0.48819292830434896,None,None,1.0,None,None,1.0,0.5963302752293578,0.7192982456140351,0.6578142604216964,0.8290445289773998,0.8290445289773998,0.8770320296153227,0.8770320296153227,0.7104795737122558,0.6705202312138728,0.6904999024630643,1.0595945366570712,1.0595945366570712,1.039959342498383,1.039959342498383,0.7025210084033613,0.6950354609929078,0.6987782346981346,None,None,1.0,None,None,1.0,0.28308823529411764,0.33110687022900764,0.30709755276156264,0.8549754195626377,0.8549754195626377,0.95198136506511,0.95198136506511,0.32622333751568383,0.3135755258126195,0.3198994316641517,1.0403341800042845,1.0403341800042845,1.0126478117030644,1.0126478117030644,0.3271537622682661,0.3076923076923077,0.3174230349802869,None,None,1.0,None,None,1.0
Feldman-SVM-DIavgall,lambda=0.95,4,0.688715953307393,0.5563829787234043,0.8001792114695341,0.6782810950964692,0.3694249738808423,0.7766379360308668,0.7766379360308668,0.9154557919066086,0.6850393700787402,0.6895522388059702,0.6872958044423552,0.9934553635341037,0.9934553635341037,0.99548713127277,0.99548713127277,0.6897058823529412,0.6867816091954023,0.6882437457741717,1.0042579374846172,1.0042579374846172,1.002924273157539,1.002924273157539,0.6865079365079365,0.6948529411764706,0.6906804388422035,None,None,1.0,None,None,1.0,0.47183098591549294,0.5714285714285714,0.5216297786720322,0.8257042253521127,0.8257042253521127,0.9004024144869216,0.9004024144869216,0.6121212121212121,0.425,0.518560606060606,1.4402852049910873,1.4402852049910873,1.187121212121212,1.187121212121212,0.5905292479108635,0.44594594594594594,0.5182375969284048,None,None,1.0,None,None,1.0,0.8117154811715481,0.7970353477765109,0.8043754144740295,1.018418422013516,1.018418422013516,1.0146801333950373,1.0146801333950373,0.7628571428571429,0.8629807692307693,0.812918956043956,0.8839793076004775,0.8839793076004775,0.8998763736263736,0.8998763736263736,0.7732997481108312,0.8664596273291926,0.8198796877200119,None,None,1.0,None,None,1.0,0.18828451882845187,0.20296465222348914,0.1956245855259705,0.9276714775986086,0.9276714775986086,0.9853198666049627,0.9853198666049627,0.2371428571428571,0.13701923076923073,0.1870810439560439,1.7307268170426067,1.7307268170426067,1.1001236263736263,1.1001236263736263,0.22670025188916876,0.13354037267080743,0.1801203122799881,None,None,1.0,None,None,1.0,0.528169014084507,0.4285714285714286,0.4783702213279678,1.232394366197183,1.232394366197183,1.0995975855130784,1.0995975855130784,0.38787878787878793,0.575,0.48143939393939394,0.6745718050065878,0.6745718050065878,0.812878787878788,0.812878787878788,0.4094707520891365,0.5540540540540541,0.4817624030715953,None,None,1.0,None,None,1.0,0.5982142857142857,0.7192429022082019,0.6587285939612437,0.8317277568922306,0.8317277568922306,0.8789713835060838,0.8789713835060838,0.7087719298245614,0.6761363636363636,0.6924541467304626,1.048267728143889,1.048267728143889,1.0326355661881976,1.0326355661881976,0.7019867549668874,0.6971830985915493,0.6995849267792184,None,None,1.0,None,None,1.0,0.2788104089219331,0.3285302593659942,0.30367033414396366,0.8486597534729017,0.8486597534729017,0.9502801495559389,0.9502801495559389,0.3240506329113924,0.3096153846153846,0.3168330087633885,1.046623162198286,1.046623162198286,1.0144352482960077,1.0144352482960077,0.3237885462555066,0.30597014925373134,0.314879347754619,None,None,1.0,None,None,1.0
Feldman-SVM-DIavgall,lambda=1.0,4,0.688715953307393,0.5563829787234043,0.8001792114695341,0.6782810950964692,0.3694249738808423,0.7766379360308668,0.7766379360308668,0.9154557919066086,0.6850393700787402,0.6895522388059702,0.6872958044423552,0.9934553635341037,0.9934553635341037,0.99548713127277,0.99548713127277,0.6897058823529412,0.6867816091954023,0.6882437457741717,1.0042579374846172,1.0042579374846172,1.002924273157539,1.002924273157539,0.6865079365079365,0.6948529411764706,0.6906804388422035,None,None,1.0,None,None,1.0,0.47183098591549294,0.5714285714285714,0.5216297786720322,0.8257042253521127,0.8257042253521127,0.9004024144869216,0.9004024144869216,0.6121212121212121,0.425,0.518560606060606,1.4402852049910873,1.4402852049910873,1.187121212121212,1.187121212121212,0.5905292479108635,0.44594594594594594,0.5182375969284048,None,None,1.0,None,None,1.0,0.8117154811715481,0.7970353477765109,0.8043754144740295,1.018418422013516,1.018418422013516,1.0146801333950373,1.0146801333950373,0.7628571428571429,0.8629807692307693,0.812918956043956,0.8839793076004775,0.8839793076004775,0.8998763736263736,0.8998763736263736,0.7732997481108312,0.8664596273291926,0.8198796877200119,None,None,1.0,None,None,1.0,0.18828451882845187,0.20296465222348914,0.1956245855259705,0.9276714775986086,0.9276714775986086,0.9853198666049627,0.9853198666049627,0.2371428571428571,0.13701923076923073,0.1870810439560439,1.7307268170426067,1.7307268170426067,1.1001236263736263,1.1001236263736263,0.22670025188916876,0.13354037267080743,0.1801203122799881,None,None,1.0,None,None,1.0,0.528169014084507,0.4285714285714286,0.4783702213279678,1.232394366197183,1.232394366197183,1.0995975855130784,1.0995975855130784,0.38787878787878793,0.575,0.48143939393939394,0.6745718050065878,0.6745718050065878,0.812878787878788,0.812878787878788,0.4094707520891365,0.5540540540540541,0.4817624030715953,None,None,1.0,None,None,1.0,0.5982142857142857,0.7192429022082019,0.6587285939612437,0.8317277568922306,0.8317277568922306,0.8789713835060838,0.8789713835060838,0.7087719298245614,0.6761363636363636,0.6924541467304626,1.048267728143889,1.048267728143889,1.0326355661881976,1.0326355661881976,0.7019867549668874,0.6971830985915493,0.6995849267792184,None,None,1.0,None,None,1.0,0.2788104089219331,0.3285302593659942,0.30367033414396366,0.8486597534729017,0.8486597534729017,0.9502801495559389,0.9502801495559389,0.3240506329113924,0.3096153846153846,0.3168330087633885,1.046623162198286,1.046623162198286,1.0144352482960077,1.0144352482960077,0.3237885462555066,0.30597014925373134,0.314879347754619,None,None,1.0,None,None,1.0
Feldman-SVM-DIavgall,lambda=0.0,5,0.7003891050583657,0.5747001090512541,0.8015803336259877,0.688140221338621,0.3882294531581759,0.5672635262204088,0.5672635262204088,0.8270619155419716,0.7229219143576826,0.6949969861362266,0.7089594502469546,1.0401799270766656,1.0401799270766656,1.027924928221456,1.027924928221456,0.7105454545454546,0.6798825256975036,0.6952139901214791,1.0451003337914786,1.0451003337914786,1.030662928847951,1.030662928847951,0.70814332247557,0.6775431861804223,0.6928432543279961,None,None,1.0,None,None,1.0,0.421875,0.5994930291508238,0.5106840145754119,0.7037196088794926,0.7037196088794926,0.8223819708491762,0.8223819708491762,0.6509146341463414,0.3831417624521073,0.5170281982992244,1.698887195121951,1.698887195121951,1.267772871694234,1.267772871694234,0.6205923836389281,0.4182692307692308,0.5194308072040794,None,None,1.0,None,None,1.0,0.8661710037174721,0.7816091954022989,0.8238900995598855,1.1081893724032363,1.1081893724032363,1.0845618083151733,1.0845618083151733,0.7649513212795549,0.8642857142857143,0.8146185177826346,0.8850676444556833,0.8850676444556833,0.9006656069938406,0.9006656069938406,0.7832929782082324,0.8498402555910544,0.8165666168996434,None,None,1.0,None,None,1.0,0.13382899628252787,0.2183908045977011,0.1761099004401145,0.612795930346312,0.612795930346312,0.9154381916848268,0.9154381916848268,0.2350486787204451,0.13571428571428568,0.1853814822173654,1.7319376326769644,1.7319376326769644,1.0993343930061594,1.0993343930061594,0.2167070217917676,0.15015974440894564,0.18343338310035662,None,None,1.0,None,None,1.0,0.578125,0.4005069708491762,0.4893159854245881,1.4434829905063291,1.4434829905063291,1.1776180291508238,1.1776180291508238,0.34908536585365857,0.6168582375478927,0.48297180170077564,0.5659085744584155,0.5659085744584155,0.7322271283057659,0.7322271283057659,0.3794076163610719,0.5817307692307692,0.48056919279592053,None,None,1.0,None,None,1.0,0.6,0.7134238310708899,0.656711915535445,0.841014799154334,0.841014799154334,0.8865761689291101,0.8865761689291101,0.7164429530201343,0.6369426751592356,0.676692814089685,1.124815436241611,1.124815436241611,1.0795002778608986,1.0795002778608986,0.7108239095315024,0.6492537313432836,0.680038820437393,None,None,1.0,None,None,1.0,0.24104234527687296,0.3172690763052209,0.27915571079104695,0.7597410629612831,0.7597410629612831,0.923773268971652,0.923773268971652,0.2939666238767651,0.30725190839694655,0.3006092661368558,0.9567609373380429,0.9567609373380429,0.9867147154798186,0.9867147154798186,0.29366812227074235,0.31266149870801035,0.3031648104893764,None,None,1.0,None,None,1.0
Feldman-SVM-DIavgall,lambda=0.05,5,0.7003891050583657,0.5747001090512541,0.8015803336259877,0.688140221338621,0.3882294531581759,0.5672635262204088,0.5672635262204088,0.8270619155419716,0.7229219143576826,0.6949969861362266,0.7089594502469546,1.0401799270766656,1.0401799270766656,1.027924928221456,1.027924928221456,0.7105454545454546,0.6798825256975036,0.6952139901214791,1.0451003337914786,1.0451003337914786,1.030662928847951,1.030662928847951,0.70814332247557,0.6775431861804223,0.6928432543279961,None,None,1.0,None,None,1.0,0.421875,0.5994930291508238,0.5106840145754119,0.7037196088794926,0.7037196088794926,0.8223819708491762,0.8223819708491762,0.6509146341463414,0.3831417624521073,0.5170281982992244,1.698887195121951,1.698887195121951,1.267772871694234,1.267772871694234,0.6205923836389281,0.4182692307692308,0.5194308072040794,None,None,1.0,None,None,1.0,0.8661710037174721,0.7816091954022989,0.8238900995598855,1.1081893724032363,1.1081893724032363,1.0845618083151733,1.0845618083151733,0.7649513212795549,0.8642857142857143,0.8146185177826346,0.8850676444556833,0.8850676444556833,0.9006656069938406,0.9006656069938406,0.7832929782082324,0.8498402555910544,0.8165666168996434,None,None,1.0,None,None,1.0,0.13382899628252787,0.2183908045977011,0.1761099004401145,0.612795930346312,0.612795930346312,0.9154381916848268,0.9154381916848268,0.2350486787204451,0.13571428571428568,0.1853814822173654,1.7319376326769644,1.7319376326769644,1.0993343930061594,1.0993343930061594,0.2167070217917676,0.15015974440894564,0.18343338310035662,None,None,1.0,None,None,1.0,0.578125,0.4005069708491762,0.4893159854245881,1.4434829905063291,1.4434829905063291,1.1776180291508238,1.1776180291508238,0.34908536585365857,0.6168582375478927,0.48297180170077564,0.5659085744584155,0.5659085744584155,0.7322271283057659,0.7322271283057659,0.3794076163610719,0.5817307692307692,0.48056919279592053,None,None,1.0,None,None,1.0,0.6,0.7134238310708899,0.656711915535445,0.841014799154334,0.841014799154334,0.8865761689291101,0.8865761689291101,0.7164429530201343,0.6369426751592356,0.676692814089685,1.124815436241611,1.124815436241611,1.0795002778608986,1.0795002778608986,0.7108239095315024,0.6492537313432836,0.680038820437393,None,None,1.0,None,None,1.0,0.24104234527687296,0.3172690763052209,0.27915571079104695,0.7597410629612831,0.7597410629612831,0.923773268971652,0.923773268971652,0.2939666238767651,0.30725190839694655,0.3006092661368558,0.9567609373380429,0.9567609373380429,0.9867147154798186,0.9867147154798186,0.29366812227074235,0.31266149870801035,0.3031648104893764,None,None,1.0,None,None,1.0
Feldman-SVM-DIavgall,lambda=0.1,5,0.7008754863813229,0.5703380588876772,0.8059701492537313,0.6881541040707042,0.38925736276848316,0.5533625478761948,0.5533625478761948,0.8231218770070283,0.7304785894206549,0.6937914406268837,0.7121350150237693,1.052879217939936,1.052879217939936,1.0366871487937712,1.0366871487937712,0.7127272727272728,0.6769456681350955,0.6948364704311841,1.0528574245710904,1.0528574245710904,1.0357816045921773,1.0357816045921773,0.7100977198697068,0.6737044145873321,0.6919010672285195,None,None,1.0,None,None,1.0,0.421875,0.5944233206590621,0.5081491603295311,0.7097214818763327,0.7097214818763327,0.8274516793409379,0.8274516793409379,0.6478658536585366,0.37547892720306514,0.5116723904308008,1.725438651070184,1.725438651070184,1.2723869264554715,1.2723869264554715,0.6177715091678421,0.40865384615384615,0.5132126776608441,None,None,1.0,None,None,1.0,0.8773234200743495,0.7839080459770115,0.8306157330256805,1.1191662396842874,1.1191662396842874,1.093415374097338,1.093415374097338,0.7719054242002782,0.8642857142857143,0.8180955692429963,0.893113713950735,0.893113713950735,0.9076197099145639,0.9076197099145639,0.7893462469733656,0.8498402555910544,0.81959325128221,None,None,1.0,None,None,1.0,0.12267657992565051,0.21609195402298853,0.16938426697431952,0.5677054496559358,0.5677054496559358,0.906584625902662,0.906584625902662,0.2280945757997218,0.13571428571428568,0.18190443075700374,1.68069687431374,1.68069687431374,1.092380290085436,1.092380290085436,0.21065375302663436,0.15015974440894564,0.18040674871779,None,None,1.0,None,None,1.0,0.578125,0.4055766793409379,0.49185083967046894,1.425439453125,1.425439453125,1.1725483206590621,1.1725483206590621,0.35213414634146345,0.6245210727969348,0.48832760956919913,0.5638467005835703,0.5638467005835703,0.7276130735445286,0.7276130735445286,0.38222849083215793,0.5913461538461539,0.4867873223391559,None,None,1.0,None,None,1.0,0.6206896551724138,0.7138508371385084,0.6672702461554612,0.8694948900816116,0.8694948900816116,0.9068388180339054,0.9068388180339054,0.7215619694397284,0.632258064516129,0.6769100169779287,1.14124597207304,1.14124597207304,1.0893039049235993,1.0893039049235993,0.7156862745098039,0.6439393939393939,0.6798128342245989,None,None,1.0,None,None,1.0,0.23870967741935484,0.3193612774451098,0.27903547743223234,0.7474596774193548,0.7474596774193548,0.9193483999742451,0.9193483999742451,0.29389312977099236,0.30988593155893535,0.3018895306649638,0.9483913267456564,0.9483913267456564,0.9840071982120571,0.9840071982120571,0.29360780065005415,0.3161953727506427,0.3049015867003484,None,None,1.0,None,None,1.0
Feldman-SVM-DIavgall,lambda=0.15,5,0.7037937743190662,0.5703380588876772,0.8112379280070237,0.6907879934473504,0.3954045658893473,0.5584626635248233,0.5584626635248233,0.8267385135350572,0.7304785894206549,0.6974080771549126,0.7139433332877838,1.047419170137309,1.047419170137309,1.0330705122657422,1.0330705122657422,0.7170909090909091,0.6769456681350955,0.6970182886130023,1.0593034904358114,1.0593034904358114,1.0401452409558136,1.0401452409558136,0.7140065146579805,0.6737044145873321,0.6938554646226562,None,None,1.0,None,None,1.0,0.421875,0.5944233206590621,0.5081491603295311,0.7097214818763327,0.7097214818763327,0.8274516793409379,0.8274516793409379,0.6478658536585366,0.37547892720306514,0.5116723904308008,1.725438651070184,1.725438651070184,1.2723869264554715,1.2723869264554715,0.6177715091678421,0.40865384615384615,0.5132126776608441,None,None,1.0,None,None,1.0,0.8773234200743495,0.7908045977011494,0.8340640088877495,1.1094060689893663,1.1094060689893663,1.0865188223732,1.0865188223732,0.780250347705146,0.8642857142857143,0.8222680309954302,0.902768997344797,0.902768997344797,0.9159646334194317,0.9159646334194317,0.7966101694915254,0.8498402555910544,0.8232252125412899,None,None,1.0,None,None,1.0,0.12267657992565051,0.20919540229885059,0.16593599111225055,0.5864210139303073,0.5864210139303073,0.9134811776267999,0.9134811776267999,0.219749652294854,0.13571428571428568,0.17773196900456983,1.619207964277872,1.619207964277872,1.0840353665805682,1.0840353665805682,0.2033898305084746,0.15015974440894564,0.17677478745871011,None,None,1.0,None,None,1.0,0.578125,0.4055766793409379,0.49185083967046894,1.425439453125,1.425439453125,1.1725483206590621,1.1725483206590621,0.35213414634146345,0.6245210727969348,0.48832760956919913,0.5638467005835703,0.5638467005835703,0.7276130735445286,0.7276130735445286,0.38222849083215793,0.5913461538461539,0.4867873223391559,None,None,1.0,None,None,1.0,0.6206896551724138,0.7204301075268817,0.6705598813496478,0.8615542974781266,0.8615542974781266,0.9002595476455321,0.9002595476455321,0.7289879931389366,0.632258064516129,0.6806230288275328,1.1529912136381142,1.1529912136381142,1.0967299286228076,1.0967299286228076,0.7227722772277227,0.6439393939393939,0.6833558355835583,None,None,1.0,None,None,1.0,0.23870967741935484,0.31746031746031744,0.27808499743983617,0.7519354838709678,0.7519354838709678,0.9212493599590375,0.9212493599590375,0.2916666666666667,0.30988593155893535,0.300776299112801,0.9412065439672803,0.9412065439672803,0.9817807351077313,0.9817807351077313,0.2917115177610334,0.3161953727506427,0.303953445255838,None,None,1.0,None,None,1.0
Feldman-SVM-DIavgall,lambda=0.2,5,0.7013618677042801,0.5670665212649946,0.8094820017559262,0.6882742615104604,0.39031149034872575,0.559321836853323,0.559321836853323,0.8273412862897287,0.7304785894206549,0.6943942133815552,0.7124364014011051,1.0519652602854743,1.0519652602854743,1.0360843760390996,1.0360843760390996,0.7134545454545455,0.6769456681350955,0.6952001067948205,1.0539317688818772,1.0539317688818772,1.03650887731945,1.03650887731945,0.7107491856677525,0.6737044145873321,0.6922268001275422,None,None,1.0,None,None,1.0,0.421875,0.5906210392902408,0.5062480196451205,0.7142905042918455,0.7142905042918455,0.8312539607097592,0.8312539607097592,0.6417682926829268,0.3793103448275862,0.5105393187552565,1.6919345898004434,1.6919345898004434,1.2624579478553406,1.2624579478553406,0.61212976022567,0.41346153846153844,0.5127956493436042,None,None,1.0,None,None,1.0,0.8773234200743495,0.7885057471264367,0.832914583600393,1.1126404890155746,1.1126404890155746,1.0888176729479127,1.0888176729479127,0.7788595271210014,0.861904761904762,0.8203821445128816,0.903649175112764,0.903649175112764,0.9169547652162394,0.9169547652162394,0.7953995157384988,0.8466453674121406,0.8210224415753197,None,None,1.0,None,None,1.0,0.12267657992565051,0.21149425287356327,0.1670854163996069,0.580046872474543,0.580046872474543,0.9111823270520872,0.9111823270520872,0.22114047287899863,0.13809523809523805,0.17961785548711834,1.6013620449858528,1.6013620449858528,1.0830452347837607,1.0830452347837607,0.20460048426150124,0.15335463258785942,0.17897755842468033,None,None,1.0,None,None,1.0,0.578125,0.4093789607097592,0.4937519803548796,1.4122000773993808,1.4122000773993808,1.168746039290241,1.168746039290241,0.3582317073170732,0.6206896551724138,0.4894606812447435,0.5771510840108401,0.5771510840108401,0.7375420521446594,0.7375420521446594,0.38787023977433,0.5865384615384616,0.4872043506563958,None,None,1.0,None,None,1.0,0.6206896551724138,0.7169230769230769,0.6688063660477453,0.8657688323220365,0.8657688323220365,0.9037665782493369,0.9037665782493369,0.7258620689655172,0.6305732484076433,0.6782176586865802,1.1511145942180425,1.1511145942180425,1.095288820557874,1.095288820557874,0.7197346600331676,0.6417910447761194,0.6807628524046434,None,None,1.0,None,None,1.0,0.23870967741935484,0.3201189296333003,0.27941430352632757,0.7456906022171177,0.7456906022171177,0.9185907477860545,0.9185907477860545,0.29559748427672955,0.30916030534351147,0.3023788948101205,0.9561301343271993,0.9561301343271993,0.986437178933218,0.986437178933218,0.29506437768240346,0.3152454780361757,0.30515492785928955,None,None,1.0,None,None,1.0
Feldman-SVM-DIavgall,lambda=0.25,5,0.7008754863813229,0.5659760087241004,0.8094820017559262,0.6877290052400133,0.38929787367891666,0.5601836578654237,0.5601836578654237,0.8279440590444003,0.7304785894206549,0.6937914406268837,0.7121350150237693,1.052879217939936,1.052879217939936,1.0366871487937712,1.0366871487937712,0.7134545454545455,0.6754772393538914,0.6944658924042184,1.0562229249011856,1.0562229249011856,1.037977306100654,1.037977306100654,0.7107491856677525,0.6717850287907869,0.6912671072292698,None,None,1.0,None,None,1.0,0.421875,0.5893536121673004,0.5056143060836502,0.7158266129032258,0.7158266129032258,0.8325213878326996,0.8325213878326996,0.6417682926829268,0.37547892720306514,0.5086236099429959,1.7091992284718764,1.7091992284718764,1.2662893654798617,1.2662893654798617,0.61212976022567,0.40865384615384615,0.5103918031897581,None,None,1.0,None,None,1.0,0.8773234200743495,0.7885057471264367,0.832914583600393,1.1126404890155746,1.1126404890155746,1.0888176729479127,1.0888176729479127,0.7788595271210014,0.861904761904762,0.8203821445128816,0.903649175112764,0.903649175112764,0.9169547652162394,0.9169547652162394,0.7953995157384988,0.8466453674121406,0.8210224415753197,None,None,1.0,None,None,1.0,0.12267657992565051,0.21149425287356327,0.1670854163996069,0.580046872474543,0.580046872474543,0.9111823270520872,0.9111823270520872,0.22114047287899863,0.13809523809523805,0.17961785548711834,1.6013620449858528,1.6013620449858528,1.0830452347837607,1.0830452347837607,0.20460048426150124,0.15335463258785942,0.17897755842468033,None,None,1.0,None,None,1.0,0.578125,0.4106463878326996,0.4943856939163498,1.4078414351851853,1.4078414351851853,1.1674786121673004,1.1674786121673004,0.3582317073170732,0.6245210727969348,0.491376390057004,0.5736102798144547,0.5736102798144547,0.7337106345201384,0.7337106345201384,0.38787023977433,0.5913461538461539,0.4896081968102419,None,None,1.0,None,None,1.0,0.6206896551724138,0.7164869029275809,0.6685882790499973,0.8662958843159067,0.8662958843159067,0.9042027522448329,0.9042027522448329,0.7258620689655172,0.6282051282051282,0.6770335985853226,1.1554539057002111,1.1554539057002111,1.0976569407603889,1.0976569407603889,0.7197346600331676,0.6390977443609023,0.6794162021970349,None,None,1.0,None,None,1.0,0.23870967741935484,0.3207920792079208,0.2797508783136378,0.7441258462763839,0.7441258462763839,0.917917598211434,0.917917598211434,0.29559748427672955,0.31047619047619046,0.30303683737646003,0.9520777867808774,0.9520777867808774,0.9851212938005391,0.9851212938005391,0.29506437768240346,0.3170103092783505,0.306037343480377,None,None,1.0,None,None,1.0
Feldman-SVM-DIavgall,lambda=0.3,5,0.6940661478599222,0.5419847328244275,0.8165057067603161,0.6792452197923717,0.3752795276082892,0.6027826200556035,0.6027826200556035,0.8522705705692027,0.7304785894206549,0.6853526220614828,0.7079156057410689,1.0658434299462325,1.0658434299462325,1.045125967359172,1.045125967359172,0.7076363636363636,0.6666666666666666,0.6871515151515151,1.0614545454545454,1.0614545454545454,1.040969696969697,1.040969696969697,0.7055374592833876,0.6602687140115163,0.6829030866474519,None,None,1.0,None,None,1.0,0.4296875,0.5602027883396705,0.49494514416983526,0.7670213518099547,0.7670213518099547,0.8694847116603295,0.8694847116603295,0.6189024390243902,0.3486590038314176,0.48378072142790396,1.775093808630394,1.775093808630394,1.2702434351929726,1.2702434351929726,0.5923836389280677,0.3701923076923077,0.4812879733101877,None,None,1.0,None,None,1.0,0.8736059479553904,0.7988505747126436,0.8362282613340171,1.0935786686635822,1.0935786686635822,1.0747553732427466,1.0747553732427466,0.7885952712100139,0.8642857142857143,0.8264404927478641,0.9124242807388591,0.9124242807388591,0.9243095569242996,0.9243095569242996,0.8026634382566586,0.853035143769968,0.8278492910133133,None,None,1.0,None,None,1.0,0.12639405204460963,0.20114942528735635,0.163771738665983,0.628359001593202,0.628359001593202,0.9252446267572533,0.9252446267572533,0.21140472878998606,0.13571428571428568,0.17355950725213587,1.557719054242003,1.557719054242003,1.0756904430757004,1.0756904430757004,0.19733656174334135,0.14696485623003197,0.17215070898668666,None,None,1.0,None,None,1.0,0.5703125,0.4397972116603295,0.5050548558301647,1.2967624279538907,1.2967624279538907,1.1305152883396705,1.1305152883396705,0.38109756097560976,0.6513409961685823,0.516219278572096,0.5850968436154951,0.5850968436154951,0.7297565648070274,0.7297565648070274,0.40761636107193233,0.6298076923076923,0.5187120266898123,None,None,1.0,None,None,1.0,0.6179775280898876,0.7163695299837926,0.6671735290368401,0.8626518887589607,0.8626518887589607,0.901607998106095,0.901607998106095,0.7275985663082437,0.6148648648648649,0.6712317155865544,1.1833471188309896,1.1833471188309896,1.112733701443379,1.112733701443379,0.7204116638078902,0.6260162601626016,0.673213961985246,None,None,1.0,None,None,1.0,0.237012987012987,0.3330134357005758,0.28501321135678137,0.7117219955836671,0.7117219955836671,0.9039995513124113,0.9039995513124113,0.30599755201958384,0.31894934333958724,0.3124734476795855,0.9593923248614011,0.9593923248614011,0.9870482086799965,0.9870482086799965,0.30357142857142855,0.32914572864321606,0.3163585786073223,None,None,1.0,None,None,1.0
Feldman-SVM-DIavgall,lambda=0.35,5,0.6950389105058365,0.5430752453653217,0.8173836698858647,0.6802294576255932,0.37734019237543565,0.6027826200556035,0.6027826200556035,0.8522705705692027,0.7304785894206549,0.6865581675708258,0.7085183784957403,1.0639718874880304,1.0639718874880304,1.0439204218498292,1.0439204218498292,0.7090909090909091,0.6666666666666666,0.6878787878787879,1.0636363636363637,1.0636363636363637,1.0424242424242425,1.0424242424242425,0.7068403908794788,0.6602687140115163,0.6835545524454976,None,None,1.0,None,None,1.0,0.4296875,0.5614702154626109,0.49557885773130544,0.7652899266365689,0.7652899266365689,0.8682172845373891,0.8682172845373891,0.6204268292682927,0.3486590038314176,0.48454291654985515,1.7794659608684,1.7794659608684,1.2717678254368752,1.2717678254368752,0.5937940761636107,0.3701923076923077,0.4819931919279592,None,None,1.0,None,None,1.0,0.8736059479553904,0.8,0.8368029739776952,1.092007434944238,1.092007434944238,1.0736059479553903,1.0736059479553903,0.7899860917941586,0.8642857142857143,0.8271359030399364,0.9140334946378694,0.9140334946378694,0.9257003775084442,0.9257003775084442,0.8038740920096852,0.853035143769968,0.8284546178898267,None,None,1.0,None,None,1.0,0.12639405204460963,0.19999999999999996,0.1631970260223048,0.6319702602230483,0.6319702602230483,0.9263940520446097,0.9263940520446097,0.21001390820584143,0.13571428571428568,0.17286409696006355,1.5474709025693583,1.5474709025693583,1.0742996224915558,1.0742996224915558,0.19612590799031482,0.14696485623003197,0.1715453821101734,None,None,1.0,None,None,1.0,0.5703125,0.4385297845373891,0.5044211422686946,1.3005102962427746,1.3005102962427746,1.1317827154626108,1.1317827154626108,0.37957317073170727,0.6513409961685823,0.5154570834501448,0.582756456241033,0.582756456241033,0.728232174563125,0.728232174563125,0.4062059238363893,0.6298076923076923,0.5180068080720408,None,None,1.0,None,None,1.0,0.6179775280898876,0.7179902755267423,0.6679839018083149,0.8607045932990082,0.8607045932990082,0.8999872525631453,0.8999872525631453,0.7293906810035843,0.6148648648648649,0.6721277729342245,1.1862617669069282,1.1862617669069282,1.1145258161387193,1.1145258161387193,0.7221269296740995,0.6260162601626016,0.6740715949183506,None,None,1.0,None,None,1.0,0.237012987012987,0.33205374280230326,0.28453336490764514,0.7137789955709031,0.7137789955709031,0.9049592442106837,0.9049592442106837,0.3047735618115055,0.31894934333958724,0.31186145257554637,0.9555547555619555,0.9555547555619555,0.9858242184719183,0.9858242184719183,0.3025210084033613,0.32914572864321606,0.3158333685232887,None,None,1.0,None,None,1.0
Feldman-SVM-DIavgall,lambda=0.4,5,0.6945525291828794,0.5430752453653217,0.8165057067603161,0.6797904760628188,0.37629420155426524,0.6018072436477464,0.6018072436477464,0.8516677978145312,0.7304785894206549,0.6859553948161543,0.7082169921184046,1.064906836422554,1.064906836422554,1.0445231946045006,1.0445231946045006,0.7090909090909091,0.6651982378854625,0.6871445734881858,1.0659843467790489,1.0659843467790489,1.0438926712054466,1.0438926712054466,0.7068403908794788,0.6583493282149712,0.682594859547225,None,None,1.0,None,None,1.0,0.4296875,0.5614702154626109,0.49557885773130544,0.7652899266365689,0.7652899266365689,0.8682172845373891,0.8682172845373891,0.6219512195121951,0.3448275862068966,0.48338940285954585,1.8036585365853657,1.8036585365853657,1.2771236333052984,1.2771236333052984,0.5952045133991537,0.36538461538461536,0.48029456439188456,None,None,1.0,None,None,1.0,0.8736059479553904,0.7988505747126436,0.8362282613340171,1.0935786686635822,1.0935786686635822,1.0747553732427466,1.0747553732427466,0.7885952712100139,0.8642857142857143,0.8264404927478641,0.9124242807388591,0.9124242807388591,0.9243095569242996,0.9243095569242996,0.8026634382566586,0.853035143769968,0.8278492910133133,None,None,1.0,None,None,1.0,0.12639405204460963,0.20114942528735635,0.163771738665983,0.628359001593202,0.628359001593202,0.9252446267572533,0.9252446267572533,0.21140472878998606,0.13571428571428568,0.17355950725213587,1.557719054242003,1.557719054242003,1.0756904430757004,1.0756904430757004,0.19733656174334135,0.14696485623003197,0.17215070898668666,None,None,1.0,None,None,1.0,0.5703125,0.4385297845373891,0.5044211422686946,1.3005102962427746,1.3005102962427746,1.1317827154626108,1.1317827154626108,0.3780487804878049,0.6551724137931034,0.5166105971404542,0.5770218228498075,0.5770218228498075,0.7228763666947015,0.7228763666947015,0.4047954866008463,0.6346153846153846,0.5197054356081154,None,None,1.0,None,None,1.0,0.6179775280898876,0.7168284789644013,0.6674030035271444,0.862099576432394,0.862099576432394,0.9011490491254863,0.9011490491254863,0.7285714285714285,0.6122448979591837,0.6704081632653061,1.19,1.19,1.1163265306122447,1.1163265306122447,0.7213675213675214,0.6229508196721312,0.6721591705198262,None,None,1.0,None,None,1.0,0.237012987012987,0.3323727185398655,0.28469285277642625,0.7130939869379176,0.7130939869379176,0.9046402684731215,0.9046402684731215,0.3042944785276074,0.3202247191011236,0.3122595988143655,0.9502529329458617,0.9502529329458617,0.9840697594264838,0.9840697594264838,0.3021052631578947,0.3308270676691729,0.3164661654135338,None,None,1.0,None,None,1.0
Feldman-SVM-DIavgall,lambda=0.45,5,0.6984435797665369,0.5463467829880043,0.8208955223880597,0.683621152688032,0.38457141649031096,0.6037611632699793,0.6037611632699793,0.8528733433238742,0.7304785894206549,0.6907775768535263,0.7106280831370906,1.0574729318052936,1.0574729318052936,1.0397010125671287,1.0397010125671287,0.7141818181818181,0.6666666666666666,0.6904242424242424,1.0712727272727274,1.0712727272727274,1.0475151515151515,1.0475151515151515,0.711400651465798,0.6602687140115163,0.6858346827386572,None,None,1.0,None,None,1.0,0.4296875,0.5652724968314322,0.4974799984157161,0.7601422365470851,0.7601422365470851,0.8644150031685678,0.8644150031685678,0.6265243902439024,0.3448275862068966,0.4856759882253995,1.8169207317073168,1.8169207317073168,1.2816968040370058,1.2816968040370058,0.5994358251057827,0.36538461538461536,0.4824102202451991,None,None,1.0,None,None,1.0,0.8736059479553904,0.8045977011494253,0.8391018245524078,1.0857673924588422,1.0857673924588422,1.0690082468059652,1.0690082468059652,0.7941585535465925,0.8666666666666667,0.8304126101066296,0.9163367925537605,0.9163367925537605,0.9274918868799258,0.9274918868799258,0.8075060532687651,0.8562300319488818,0.8318680426088234,None,None,1.0,None,None,1.0,0.12639405204460963,0.1954022988505747,0.16089817544759216,0.6468401486988846,0.6468401486988846,0.9309917531940349,0.9309917531940349,0.20584144645340752,0.1333333333333333,0.1695873898933704,1.5438108484005568,1.5438108484005568,1.0725081131200742,1.0725081131200742,0.19249394673123488,0.1437699680511182,0.16813195739117653,None,None,1.0,None,None,1.0,0.5703125,0.4347275031685678,0.5025200015842839,1.3118850218658893,1.3118850218658893,1.1355849968314322,1.1355849968314322,0.3734756097560976,0.6551724137931034,0.5143240117746005,0.5700417201540438,0.5700417201540438,0.7183031959629942,0.7183031959629942,0.40056417489421725,0.6346153846153846,0.5175897797548009,None,None,1.0,None,None,1.0,0.6179775280898876,0.724025974025974,0.6710017510579308,0.8535295006802035,0.8535295006802035,0.8939515540639136,0.8939515540639136,0.7352415026833632,0.6164383561643836,0.6758399294238734,1.1927251043530114,1.1927251043530114,1.1188031465189796,1.1188031465189796,0.7277397260273972,0.628099173553719,0.6779194497905581,None,None,1.0,None,None,1.0,0.237012987012987,0.3288590604026846,0.28293602370783577,0.7207129605088788,0.7207129605088788,0.9081539266103025,0.9081539266103025,0.3002450980392157,0.31962616822429907,0.30993563313175737,0.9393633184267859,0.9393633184267859,0.9806189298149166,0.9806189298149166,0.29863301787592006,0.33,0.31431650893796004,None,None,1.0,None,None,1.0
Feldman-SVM-DIavgall,lambda=0.5,5,0.6921206225680934,0.5332606324972737,0.820017559262511,0.6766390958798923,0.37135995429285124,0.5989443063503459,0.5989443063503459,0.8532605147406027,0.7355163727959698,0.6817359855334539,0.7086261791647119,1.078887411554831,1.078887411554831,1.053780387262516,1.053780387262516,0.7069090909090909,0.6622613803230544,0.6845852356160727,1.0674170530135052,1.0674170530135052,1.0446477105860366,1.0446477105860366,0.7055374592833876,0.6525911708253359,0.6790643150543618,None,None,1.0,None,None,1.0,0.4296875,0.550063371356147,0.4898754356780735,0.7811599942396313,0.7811599942396313,0.879624128643853,0.879624128643853,0.6112804878048781,0.3371647509578544,0.47422261938136623,1.8130023558758315,1.8130023558758315,1.2741157368470237,1.2741157368470237,0.5853314527503526,0.3557692307692308,0.4705503417597917,None,None,1.0,None,None,1.0,0.8810408921933085,0.8011494252873563,0.8410951587403324,1.0997210562527666,1.0997210562527666,1.079891466905952,1.079891466905952,0.7941585535465925,0.8642857142857143,0.8292221339161534,0.9188611363349004,0.9188611363349004,0.9298728392608782,0.9298728392608782,0.8087167070217918,0.8498402555910544,0.8292784813064231,None,None,1.0,None,None,1.0,0.1189591078066915,0.19885057471264367,0.15890484125966758,0.5982336635365411,0.5982336635365411,0.9201085330940478,0.9201085330940478,0.20584144645340752,0.13571428571428568,0.1707778660838466,1.5167264475514242,1.5167264475514242,1.0701271607391218,1.0701271607391218,0.19128329297820823,0.15015974440894564,0.17072151869357693,None,None,1.0,None,None,1.0,0.5703125,0.449936628643853,0.5101245643219265,1.2675396126760563,1.2675396126760563,1.120375871356147,1.120375871356147,0.3887195121951219,0.6628352490421456,0.5257773806186338,0.5864496686874382,0.5864496686874382,0.7258842631529763,0.7258842631529763,0.4146685472496474,0.6442307692307692,0.5294496582402083,None,None,1.0,None,None,1.0,0.632183908045977,0.71499176276771,0.6735878354068435,0.884183484294719,0.884183484294719,0.917192145278267,0.917192145278267,0.7304189435336976,0.6068965517241379,0.6686577476289177,1.2035312137771155,1.2035312137771155,1.1235223918095598,1.1235223918095598,0.7242582897033158,0.6115702479338843,0.6679142688186,None,None,1.0,None,None,1.0,0.23548387096774193,0.33745247148288976,0.28646817122531587,0.6978282598818718,0.6978282598818718,0.8980313994848521,0.8980313994848521,0.30871670702179177,0.32276119402985076,0.31573895052582124,0.9564864448767652,0.9564864448767652,0.9859555129919411,0.9859555129919411,0.30561330561330563,0.335,0.3203066528066528,None,None,1.0,None,None,1.0
Feldman-SVM-DIavgall,lambda=0.55,5,0.6945525291828794,0.5528898582333697,0.8086040386303776,0.6807469484318736,0.3760879929719015,0.7235210682057176,0.7235210682057176,0.8970078481923649,0.7103274559193955,0.6907775768535263,0.7005525163864609,1.0283012647210097,1.0283012647210097,1.0195498790658692,1.0195498790658692,0.7069090909090909,0.6696035242290749,0.6882563075690828,1.0557129186602872,1.0557129186602872,1.0373055666800162,1.0373055666800162,0.704885993485342,0.6641074856046065,0.6844967395449743,None,None,1.0,None,None,1.0,0.46875,0.5665399239543726,0.5176449619771863,0.8273909395973155,0.8273909395973155,0.9022100760456274,0.9022100760456274,0.6265243902439024,0.367816091954023,0.4971702410989627,1.7033631859756095,1.7033631859756095,1.2587082982898794,1.2587082982898794,0.6036671368124118,0.3798076923076923,0.49173741456005204,None,None,1.0,None,None,1.0,0.8252788104089219,0.803448275862069,0.8143635431354954,1.02717105158192,1.02717105158192,1.021830534546853,1.021830534546853,0.780250347705146,0.8571428571428571,0.8186966024240016,0.9102920723226704,0.9102920723226704,0.9231074905622889,0.9231074905622889,0.7917675544794189,0.853035143769968,0.8224013491246935,None,None,1.0,None,None,1.0,0.17472118959107807,0.19655172413793098,0.18563645686450453,0.8889323680949589,0.8889323680949589,0.9781694654531471,0.9781694654531471,0.219749652294854,0.1428571428571429,0.18130339757599845,1.5382475660639774,1.5382475660639774,1.076892509437711,1.076892509437711,0.20823244552058107,0.14696485623003197,0.17759865087530652,None,None,1.0,None,None,1.0,0.53125,0.4334600760456274,0.4823550380228137,1.2256030701754386,1.2256030701754386,1.0977899239543727,1.0977899239543727,0.3734756097560976,0.632183908045977,0.5028297589010373,0.5907705099778271,0.5907705099778271,0.7412917017101206,0.7412917017101206,0.3963328631875882,0.6201923076923077,0.508262585439948,None,None,1.0,None,None,1.0,0.5607476635514018,0.7233009708737864,0.6420243172125941,0.7752618704133475,0.7752618704133475,0.8374466926776154,0.8374466926776154,0.7223198594024605,0.6153846153846154,0.6688522373935379,1.173769771528998,1.173769771528998,1.106935244017845,1.106935244017845,0.7133333333333334,0.632,0.6726666666666667,None,None,1.0,None,None,1.0,0.23448275862068965,0.3285302593659942,0.28150650899334195,0.7137326073805202,0.7137326073805202,0.9059524992546955,0.9059524992546955,0.303970223325062,0.3142857142857143,0.3091279688053882,0.9671779833070155,0.9671779833070155,0.9896845090393478,0.9896845090393478,0.30053475935828877,0.32575757575757575,0.31314616755793223,None,None,1.0,None,None,1.0
Feldman-SVM-DIavgall,lambda=0.6,5,0.6955252918287937,0.5528898582333697,0.810359964881475,0.6816249115574223,0.3781531461756187,0.7258701625830088,0.7258701625830088,0.8982133937017079,0.7103274559193955,0.6919831223628692,0.7011552891411323,1.026509799103029,1.026509799103029,1.0183443335565263,1.0183443335565263,0.7083636363636364,0.6696035242290749,0.6889835802963556,1.057885167464115,1.057885167464115,1.0387601121345615,1.0387601121345615,0.7061889250814333,0.6641074856046065,0.6851482053430199,None,None,1.0,None,None,1.0,0.46875,0.5665399239543726,0.5176449619771863,0.8273909395973155,0.8273909395973155,0.9022100760456274,0.9022100760456274,0.6265243902439024,0.367816091954023,0.4971702410989627,1.7033631859756095,1.7033631859756095,1.2587082982898794,1.2587082982898794,0.6036671368124118,0.3798076923076923,0.49173741456005204,None,None,1.0,None,None,1.0,0.8252788104089219,0.8057471264367816,0.8155129684228517,1.0242404637029416,1.0242404637029416,1.0195316839721404,1.0195316839721404,0.7830319888734353,0.8571428571428571,0.8200874230081462,0.9135373203523413,0.9135373203523413,0.9258891317305782,0.9258891317305782,0.7941888619854721,0.853035143769968,0.8236120028777201,None,None,1.0,None,None,1.0,0.17472118959107807,0.1942528735632184,0.18448703157714824,0.8994522777765557,0.8994522777765557,0.9804683160278597,0.9804683160278597,0.21696801112656472,0.1428571428571429,0.1799125769918538,1.5187760778859525,1.5187760778859525,1.0741108682694218,1.0741108682694218,0.20581113801452788,0.14696485623003197,0.17638799712227993,None,None,1.0,None,None,1.0,0.53125,0.4334600760456274,0.4823550380228137,1.2256030701754386,1.2256030701754386,1.0977899239543727,1.0977899239543727,0.3734756097560976,0.632183908045977,0.5028297589010373,0.5907705099778271,0.5907705099778271,0.7412917017101206,0.7412917017101206,0.3963328631875882,0.6201923076923077,0.508262585439948,None,None,1.0,None,None,1.0,0.5607476635514018,0.7256493506493507,0.6431985071003763,0.7727529323213949,0.7727529323213949,0.8350983129020512,0.8350983129020512,0.7248677248677249,0.6153846153846154,0.6701261701261702,1.1779100529100528,1.1779100529100528,1.1094831094831095,1.1094831094831095,0.7157190635451505,0.632,0.6738595317725753,None,None,1.0,None,None,1.0,0.23448275862068965,0.32790028763183127,0.28119152312626045,0.7151038515829804,0.7151038515829804,0.9065824709888584,0.9065824709888584,0.3032178217821782,0.3142857142857143,0.3087517680339462,0.9647839783978398,0.9647839783978398,0.9889321074964639,0.9889321074964639,0.29989327641408753,0.32575757575757575,0.31282542608583164,None,None,1.0,None,None,1.0
Feldman-SVM-DIavgall,lambda=0.65,5,0.6945525291828794,0.5507088331515813,0.810359964881475,0.6805343990165281,0.3761215566990893,0.7282345605067321,0.7282345605067321,0.899418939211051,0.7103274559193955,0.6907775768535263,0.7005525163864609,1.0283012647210097,1.0283012647210097,1.0195498790658692,1.0195498790658692,0.7061818181818181,0.671071953010279,0.6886268855960486,1.0523190769842847,1.0523190769842847,1.0351098651715391,1.0351098651715391,0.7042345276872964,0.6660268714011516,0.685130699544224,None,None,1.0,None,None,1.0,0.46875,0.5640050697084917,0.5163775348542459,0.8311095505617978,0.8311095505617978,0.9047449302915083,0.9047449302915083,0.6219512195121951,0.3716475095785441,0.4967993645453696,1.6734976112647724,1.6734976112647724,1.2503037099336511,1.2503037099336511,0.5994358251057827,0.38461538461538464,0.49202560486058367,None,None,1.0,None,None,1.0,0.8252788104089219,0.8057471264367816,0.8155129684228517,1.0242404637029416,1.0242404637029416,1.0195316839721404,1.0195316839721404,0.7830319888734353,0.8571428571428571,0.8200874230081462,0.9135373203523413,0.9135373203523413,0.9258891317305782,0.9258891317305782,0.7941888619854721,0.853035143769968,0.8236120028777201,None,None,1.0,None,None,1.0,0.17472118959107807,0.1942528735632184,0.18448703157714824,0.8994522777765557,0.8994522777765557,0.9804683160278597,0.9804683160278597,0.21696801112656472,0.1428571428571429,0.1799125769918538,1.5187760778859525,1.5187760778859525,1.0741108682694218,1.0741108682694218,0.20581113801452788,0.14696485623003197,0.17638799712227993,None,None,1.0,None,None,1.0,0.53125,0.43599493029150826,0.48362246514575413,1.2184774709302324,1.2184774709302324,1.0952550697084917,1.0952550697084917,0.3780487804878049,0.6283524904214559,0.5032006354546303,0.6016508030933968,0.6016508030933968,0.749696290066349,0.749696290066349,0.40056417489421725,0.6153846153846154,0.5079743951394163,None,None,1.0,None,None,1.0,0.5607476635514018,0.7247557003257329,0.6427516819385674,0.7737057649900241,0.7737057649900241,0.8359919632256689,0.8359919632256689,0.723404255319149,0.6178343949044586,0.6706193251118038,1.1708708050010967,1.1708708050010967,1.1055698604146904,1.1055698604146904,0.7142857142857143,0.6349206349206349,0.6746031746031746,None,None,1.0,None,None,1.0,0.23448275862068965,0.3291866028708134,0.2818346807457515,0.7123095429029671,0.7123095429029671,0.9052961557498762,0.9052961557498762,0.30579531442663377,0.31297709923664124,0.30938620683163753,0.9770533217046102,0.9770533217046102,0.9928182151899925,0.9928182151899925,0.3021276595744681,0.3240506329113924,0.31308914624293027,None,None,1.0,None,None,1.0
Feldman-SVM-DIavgall,lambda=0.7,5,0.6921206225680934,0.5430752453653217,0.8121158911325724,0.6775955682489471,0.3710812565059705,0.7390678019027,0.7390678019027,0.9048438940030943,0.7103274559193955,0.6877637130801688,0.6990455844997822,1.0328074052324951,1.0328074052324951,1.0225637428392267,1.0225637428392267,0.7025454545454546,0.671071953010279,0.6868087037778667,1.0469003381738613,1.0469003381738613,1.0314735015351757,1.0314735015351757,0.7009771986970684,0.6660268714011516,0.68350203504911,None,None,1.0,None,None,1.0,0.46875,0.5551330798479087,0.5119415399239544,0.8443921232876713,0.8443921232876713,0.9136169201520913,0.9136169201520913,0.6112804878048781,0.3716475095785441,0.4914639986917111,1.6447856424440532,1.6447856424440532,1.239632978226334,1.239632978226334,0.5895627644569816,0.38461538461538464,0.4870890745361831,None,None,1.0,None,None,1.0,0.8252788104089219,0.8080459770114943,0.8166623937102081,1.0213265505771865,1.0213265505771865,1.0172328333974276,1.0172328333974276,0.7858136300417247,0.8571428571428571,0.8214782435922909,0.9167825683820121,0.9167825683820121,0.9286707728988676,0.9286707728988676,0.7966101694915254,0.853035143769968,0.8248226566307467,None,None,1.0,None,None,1.0,0.17472118959107807,0.19195402298850572,0.1833376062897919,0.9102241613427422,0.9102241613427422,0.9827671666025724,0.9827671666025724,0.21418636995827534,0.1428571428571429,0.17852175640770912,1.499304589707927,1.499304589707927,1.0713292271011325,1.0713292271011325,0.2033898305084746,0.14696485623003197,0.17517734336925328,None,None,1.0,None,None,1.0,0.53125,0.4448669201520913,0.48805846007604564,1.1941773504273503,1.1941773504273503,1.0863830798479088,1.0863830798479088,0.3887195121951219,0.6283524904214559,0.5085360013082889,0.6186328822129684,0.6186328822129684,0.760367021773666,0.760367021773666,0.41043723554301836,0.6153846153846154,0.5129109254638169,None,None,1.0,None,None,1.0,0.5607476635514018,0.7239669421487603,0.6423573028500811,0.7745487133529637,0.7745487133529637,0.8367807214026415,0.8367807214026415,0.7225225225225225,0.6178343949044586,0.6701784587134905,1.1694436704745983,1.1694436704745983,1.104688127618064,1.104688127618064,0.7133105802047781,0.6349206349206349,0.6741156075627065,None,None,1.0,None,None,1.0,0.23448275862068965,0.33301707779886147,0.2837499182097756,0.7041163179094214,0.7041163179094214,0.9014656808218282,0.9014656808218282,0.31097560975609756,0.31297709923664124,0.3119763544963694,0.9936049970255799,0.9936049970255799,0.9979985105194563,0.9979985105194563,0.3066385669125395,0.3240506329113924,0.31534459991196595,None,None,1.0,None,None,1.0
Feldman-SVM-DIavgall,lambda=0.75,5,0.683852140077821,0.520174482006543,0.8156277436347673,0.6679011128206551,0.3538751019738639,0.7880513888767834,0.7880513888767834,0.9261565417545394,0.7103274559193955,0.6775165762507535,0.6939220160850745,1.0484281578027377,1.0484281578027377,1.032810879668642,1.032810879668642,0.6981818181818182,0.6549192364170338,0.676550527299426,1.066057888300041,1.066057888300041,1.0432625817647845,1.0432625817647845,0.6964169381107492,0.6468330134357005,0.6716249757732249,None,None,1.0,None,None,1.0,0.4765625,0.5272496831432193,0.5019060915716096,0.9038649338942307,0.9038649338942307,0.9493128168567807,0.9493128168567807,0.5945121951219512,0.3333333333333333,0.4639227642276422,1.7835365853658536,1.7835365853658536,1.261178861788618,1.261178861788618,0.5740479548660085,0.33653846153846156,0.455293208202235,None,None,1.0,None,None,1.0,0.8215613382899628,0.8137931034482758,0.8176772208691193,1.0095457123054628,1.0095457123054628,1.007768234841687,1.007768234841687,0.7927677329624478,0.8547619047619047,0.8237648188621762,0.927471999566095,0.927471999566095,0.9380058282005431,0.9380058282005431,0.801452784503632,0.853035143769968,0.8272439641368,None,None,1.0,None,None,1.0,0.1784386617100372,0.18620689655172418,0.18232277913088069,0.9582817017761255,0.9582817017761255,0.992231765158313,0.992231765158313,0.20723226703755215,0.14523809523809528,0.17623518113782372,1.4268451173077357,1.4268451173077357,1.0619941717994568,1.0619941717994568,0.198547215496368,0.14696485623003197,0.17275603586319999,None,None,1.0,None,None,1.0,0.5234375,0.4727503168567807,0.49809390842839035,1.107217660857909,1.107217660857909,1.0506871831432192,1.0506871831432192,0.4054878048780488,0.6666666666666667,0.5360772357723578,0.6082317073170731,0.6082317073170731,0.7388211382113821,0.7388211382113821,0.42595204513399154,0.6634615384615384,0.544706791797765,None,None,1.0,None,None,1.0,0.5596330275229358,0.7197231833910035,0.6396781054569696,0.7775670430486944,0.7775670430486944,0.8399098441319323,0.8399098441319323,0.7235621521335807,0.5878378378378378,0.6556999949857092,1.2308873392617234,1.2308873392617234,1.135724314295743,1.135724314295743,0.712784588441331,0.603448275862069,0.6581164321516999,None,None,1.0,None,None,1.0,0.2326388888888889,0.3450508788159112,0.28884488385240004,0.6742161900506405,0.6742161900506405,0.8875880100729777,0.8875880100729777,0.3181818181818182,0.32645403377110693,0.3223179259764626,0.9746603970741902,0.9746603970741902,0.9917277844107113,0.9917277844107113,0.3132780082987552,0.34074074074074073,0.327009374519748,None,None,1.0,None,None,1.0
Feldman-SVM-DIavgall,lambda=0.8,5,0.683852140077821,0.5223555070883316,0.8138718173836699,0.6681136622360007,0.35381332526479425,0.7826352281284895,0.7826352281284895,0.9237454507358535,0.7103274559193955,0.6775165762507535,0.6939220160850745,1.0484281578027377,1.0484281578027377,1.032810879668642,1.032810879668642,0.6981818181818182,0.6549192364170338,0.676550527299426,1.066057888300041,1.066057888300041,1.0432625817647845,1.0432625817647845,0.6964169381107492,0.6468330134357005,0.6716249757732249,None,None,1.0,None,None,1.0,0.4765625,0.5297845373891001,0.5031735186945501,0.8995402212918661,0.8995402212918661,0.9467779626108999,0.9467779626108999,0.5975609756097561,0.3333333333333333,0.4654471544715447,1.7926829268292683,1.7926829268292683,1.2642276422764227,1.2642276422764227,0.5768688293370945,0.33653846153846156,0.456703645437778,None,None,1.0,None,None,1.0,0.8215613382899628,0.8114942528735632,0.816527795581763,1.0124056151731835,1.0124056151731835,1.0100670854163996,1.0100670854163996,0.7899860917941586,0.8547619047619047,0.8223739982780316,0.9242177118483192,0.9242177118483192,0.9352241870322539,0.9352241870322539,0.7990314769975787,0.853035143769968,0.8260333103837734,None,None,1.0,None,None,1.0,0.1784386617100372,0.18850574712643675,0.18347220441823697,0.9465953395593438,0.9465953395593438,0.9899329145836004,0.9899329145836004,0.21001390820584143,0.14523809523809528,0.17762600172196835,1.4459974007615308,1.4459974007615308,1.064775812967746,1.064775812967746,0.2009685230024213,0.14696485623003197,0.17396668961622663,None,None,1.0,None,None,1.0,0.5234375,0.47021546261089986,0.49682648130544993,1.113186489218329,1.113186489218329,1.0532220373891001,1.0532220373891001,0.4024390243902439,0.6666666666666667,0.5345528455284554,0.6036585365853658,0.6036585365853658,0.7357723577235772,0.7357723577235772,0.4231311706629055,0.6634615384615384,0.543296354562222,None,None,1.0,None,None,1.0,0.5596330275229358,0.718213058419244,0.6389230429710899,0.7792019665510732,0.7792019665510732,0.8414199691036918,0.8414199691036918,0.7219152854511971,0.5878378378378378,0.6548765616445175,1.2280857729514618,1.2280857729514618,1.1340774476133593,1.1340774476133593,0.711304347826087,0.603448275862069,0.657376311844078,None,None,1.0,None,None,1.0,0.2326388888888889,0.34447539461467036,0.2885571417517796,0.6753425426774484,0.6753425426774484,0.8881634942742185,0.8881634942742185,0.3173076923076923,0.32645403377110693,0.3218808630393996,0.9719827586206896,0.9719827586206896,0.9908536585365854,0.9908536585365854,0.3125,0.34074074074074073,0.3266203703703704,None,None,1.0,None,None,1.0
Feldman-SVM-DIavgall,lambda=0.85,5,0.6848249027237354,0.5070883315158125,0.8279192273924495,0.667503779454131,0.3565441397209434,0.8251697513963421,0.8251697513963421,0.9418286333759981,0.7103274559193955,0.6787221217600965,0.694524788839746,1.0465659408261785,1.0465659408261785,1.031605334159299,1.031605334159299,0.6981818181818182,0.657856093979442,0.6780189560806301,1.0612987012987014,1.0612987012987014,1.0403257242023762,1.0403257242023762,0.6957654723127036,0.6525911708253359,0.6741783215690198,None,None,1.0,None,None,1.0,0.4765625,0.5120405576679341,0.49430152883396705,0.9307124071782178,0.9307124071782178,0.9645219423320659,0.9645219423320659,0.5792682926829268,0.32567049808429116,0.452469395383609,1.7786944045911048,1.7786944045911048,1.2535977945986356,1.2535977945986356,0.5585331452750353,0.3317307692307692,0.4451319572529022,None,None,1.0,None,None,1.0,0.8215613382899628,0.8298850574712644,0.8257231978806137,0.9899700336735009,0.9899700336735009,0.9916762808186984,0.9916762808186984,0.8066759388038943,0.8642857142857143,0.8354808265448044,0.9333440614259934,0.9333440614259934,0.94239022451818,0.94239022451818,0.8135593220338984,0.865814696485623,0.8396870092597607,None,None,1.0,None,None,1.0,0.1784386617100372,0.1701149425287356,0.1742768021193864,1.0489299708630566,1.0489299708630566,1.0083237191813015,1.0083237191813015,0.19332406119610568,0.13571428571428568,0.16451917345519568,1.4244930824976212,1.4244930824976212,1.05760977548182,1.05760977548182,0.18644067796610164,0.13418530351437696,0.1603129907402393,None,None,1.0,None,None,1.0,0.5234375,0.4879594423320659,0.505698471166033,1.0727069805194804,1.0727069805194804,1.035478057667934,1.035478057667934,0.4207317073170732,0.6743295019157088,0.547530604616391,0.6239259977827052,0.6239259977827052,0.7464022054013644,0.7464022054013644,0.4414668547249647,0.6682692307692308,0.5548680427470978,None,None,1.0,None,None,1.0,0.5596330275229358,0.7318840579710145,0.6457585427469752,0.764647106912526,0.764647106912526,0.8277489695519212,0.8277489695519212,0.7321772639691715,0.5985915492957746,0.665384406632473,1.2231667233367336,1.2231667233367336,1.133585714673397,1.133585714673397,0.72,0.6216216216216216,0.6708108108108108,None,None,1.0,None,None,1.0,0.2326388888888889,0.34778681120144533,0.2902128500451671,0.6689123376623377,0.6689123376623377,0.8848520776874436,0.8848520776874436,0.32242990654205606,0.32653061224489793,0.324480259393477,0.9874415887850467,0.9874415887850467,0.9958992942971581,0.9958992942971581,0.3177664974619289,0.33902439024390246,0.3283954438529157,None,None,1.0,None,None,1.0
Feldman-SVM-DIavgall,lambda=0.9,5,0.686284046692607,0.504907306434024,0.8323090430201932,0.6686081747271087,0.3599086391861798,0.8265839953497386,0.8265839953497386,0.9429263782163697,0.707808564231738,0.6811332127787824,0.6944708885052602,1.0391631929738525,1.0391631929738525,1.0266753514529556,1.0266753514529556,0.6989090909090909,0.6607929515418502,0.6798510212254706,1.0576824242424243,1.0576824242424243,1.0381161393672407,1.0381161393672407,0.6957654723127036,0.6583493282149712,0.6770574002638374,None,None,1.0,None,None,1.0,0.46875,0.5107731305449936,0.4897615652724968,0.9177264267990075,0.9177264267990075,0.9579768694550064,0.9579768694550064,0.5777439024390244,0.3218390804597701,0.44979149144939723,1.7951328397212545,1.7951328397212545,1.2559048219792543,1.2559048219792543,0.5557122708039492,0.3317307692307692,0.4437215200173592,None,None,1.0,None,None,1.0,0.8215613382899628,0.835632183908046,0.8285967610990044,0.9831614364680435,0.9831614364680435,0.9859291543819169,0.9859291543819169,0.8094575799721836,0.8714285714285714,0.8404430757003776,0.9288857475090632,0.9288857475090632,0.9380290085436122,0.9380290085436122,0.8159806295399515,0.8753993610223643,0.8456899952811578,None,None,1.0,None,None,1.0,0.1784386617100372,0.16436781609195406,0.17140323890099562,1.0856058439701561,1.0856058439701561,1.0140708456180831,1.0140708456180831,0.1905424200278164,0.12857142857142856,0.15955692429962248,1.48199660021635,1.48199660021635,1.0619709914563877,1.0619709914563877,0.18401937046004846,0.12460063897763574,0.1543100047188421,None,None,1.0,None,None,1.0,0.53125,0.4892268694550064,0.5102384347275032,1.0858970207253886,1.0858970207253886,1.0420231305449936,1.0420231305449936,0.4222560975609756,0.6781609195402298,0.5502085085506028,0.6226488218272014,0.6226488218272014,0.7440951780207458,0.7440951780207458,0.44428772919605075,0.6682692307692308,0.5562784799826408,None,None,1.0,None,None,1.0,0.5555555555555556,0.7380952380952381,0.6468253968253969,0.7526881720430108,0.7526881720430108,0.8174603174603174,0.8174603174603174,0.7344961240310077,0.6086956521739131,0.6715958881024604,1.2066722037652269,1.2066722037652269,1.1258004718570946,1.1258004718570946,0.7216117216117216,0.6388888888888888,0.6802503052503053,None,None,1.0,None,None,1.0,0.23529411764705882,0.3468104222821204,0.2910522699645896,0.678451691557452,0.678451691557452,0.8884836953649384,0.8884836953649384,0.3224679860302678,0.3259668508287293,0.3242174184294985,0.9892661944318384,0.9892661944318384,0.9965011352015385,0.9965011352015385,0.3185035389282103,0.3365617433414044,0.32753264113480735,None,None,1.0,None,None,1.0
Feldman-SVM-DIavgall,lambda=0.95,5,0.6833657587548638,0.495092693565976,0.8349429323968394,0.6650178129814077,0.35400967698472746,0.8451589165935529,0.8451589165935529,0.9501596512724275,0.707808564231738,0.6775165762507535,0.6926625702412457,1.0447103274559193,1.0447103274559193,1.0302919879809846,1.0302919879809846,0.696,0.657856093979442,0.676928046989721,1.0579821428571428,1.0579821428571428,1.038143906020558,1.038143906020558,0.6931596091205212,0.654510556621881,0.6738350828712011,None,None,1.0,None,None,1.0,0.46875,0.49936628643852976,0.4840581432192649,0.9386897208121828,0.9386897208121828,0.9693837135614702,0.9693837135614702,0.5670731707317073,0.31417624521072796,0.4406247079712176,1.8049524092801903,1.8049524092801903,1.2528969255209792,1.2528969255209792,0.5458392101551481,0.32211538461538464,0.43397729738526636,None,None,1.0,None,None,1.0,0.8215613382899628,0.8390804597701149,0.8303208990300388,0.9791210470031064,0.9791210470031064,0.9824808785198479,0.9824808785198479,0.8136300417246175,0.8714285714285714,0.8425293065765944,0.9336738183725118,0.9336738183725118,0.9422014702960461,0.9422014702960461,0.8196125907990315,0.8753993610223643,0.8475059759106979,None,None,1.0,None,None,1.0,0.1784386617100372,0.16091954022988508,0.16967910096996114,1.1088688263409452,1.1088688263409452,1.0175191214801522,1.0175191214801522,0.1863699582753825,0.12857142857142856,0.15747069342340553,1.4495441199196417,1.4495441199196417,1.057798529703954,1.057798529703954,0.18038740920096852,0.12460063897763574,0.15249402408930213,None,None,1.0,None,None,1.0,0.53125,0.5006337135614702,0.5159418567807351,1.0611550632911393,1.0611550632911393,1.0306162864385298,1.0306162864385298,0.43292682926829273,0.685823754789272,0.5593752920287824,0.6312508516146614,0.6312508516146614,0.7471030744790207,0.7471030744790207,0.45416078984485186,0.6778846153846154,0.5660227026147336,None,None,1.0,None,None,1.0,0.5555555555555556,0.7378277153558053,0.6466916354556804,0.7529610829103215,0.7529610829103215,0.8177278401997503,0.8177278401997503,0.7351778656126482,0.6029411764705882,0.6690595210416181,1.219319386869758,1.219319386869758,1.13223668914206,1.13223668914206,0.7220149253731343,0.6320754716981132,0.6770451985356237,None,None,1.0,None,None,1.0,0.23529411764705882,0.3511111111111111,0.29320261437908496,0.6701414743112435,0.6701414743112435,0.8841830065359477,0.8841830065359477,0.32681242807825084,0.3284403669724771,0.32762639752536393,0.9950434262717692,0.9950434262717692,0.9983720611057738,0.9983720611057738,0.32232232232232233,0.3397590361445783,0.3310406792334503,None,None,1.0,None,None,1.0
Feldman-SVM-DIavgall,lambda=1.0,5,0.6833657587548638,0.495092693565976,0.8349429323968394,0.6650178129814077,0.35400967698472746,0.8451589165935529,0.8451589165935529,0.9501596512724275,0.707808564231738,0.6775165762507535,0.6926625702412457,1.0447103274559193,1.0447103274559193,1.0302919879809846,1.0302919879809846,0.696,0.657856093979442,0.676928046989721,1.0579821428571428,1.0579821428571428,1.038143906020558,1.038143906020558,0.6931596091205212,0.654510556621881,0.6738350828712011,None,None,1.0,None,None,1.0,0.46875,0.49936628643852976,0.4840581432192649,0.9386897208121828,0.9386897208121828,0.9693837135614702,0.9693837135614702,0.5670731707317073,0.31417624521072796,0.4406247079712176,1.8049524092801903,1.8049524092801903,1.2528969255209792,1.2528969255209792,0.5458392101551481,0.32211538461538464,0.43397729738526636,None,None,1.0,None,None,1.0,0.8215613382899628,0.8390804597701149,0.8303208990300388,0.9791210470031064,0.9791210470031064,0.9824808785198479,0.9824808785198479,0.8136300417246175,0.8714285714285714,0.8425293065765944,0.9336738183725118,0.9336738183725118,0.9422014702960461,0.9422014702960461,0.8196125907990315,0.8753993610223643,0.8475059759106979,None,None,1.0,None,None,1.0,0.1784386617100372,0.16091954022988508,0.16967910096996114,1.1088688263409452,1.1088688263409452,1.0175191214801522,1.0175191214801522,0.1863699582753825,0.12857142857142856,0.15747069342340553,1.4495441199196417,1.4495441199196417,1.057798529703954,1.057798529703954,0.18038740920096852,0.12460063897763574,0.15249402408930213,None,None,1.0,None,None,1.0,0.53125,0.5006337135614702,0.5159418567807351,1.0611550632911393,1.0611550632911393,1.0306162864385298,1.0306162864385298,0.43292682926829273,0.685823754789272,0.5593752920287824,0.6312508516146614,0.6312508516146614,0.7471030744790207,0.7471030744790207,0.45416078984485186,0.6778846153846154,0.5660227026147336,None,None,1.0,None,None,1.0,0.5555555555555556,0.7378277153558053,0.6466916354556804,0.7529610829103215,0.7529610829103215,0.8177278401997503,0.8177278401997503,0.7351778656126482,0.6029411764705882,0.6690595210416181,1.219319386869758,1.219319386869758,1.13223668914206,1.13223668914206,0.7220149253731343,0.6320754716981132,0.6770451985356237,None,None,1.0,None,None,1.0,0.23529411764705882,0.3511111111111111,0.29320261437908496,0.6701414743112435,0.6701414743112435,0.8841830065359477,0.8841830065359477,0.32681242807825084,0.3284403669724771,0.32762639752536393,0.9950434262717692,0.9950434262717692,0.9983720611057738,0.9983720611057738,0.32232232232232233,0.3397590361445783,0.3310406792334503,None,None,1.0,None,None,1.0
Feldman-SVM-DIavgall,lambda=0.0,6,0.6853112840466926,0.5924324324324325,0.7612732095490716,0.6768528209907521,0.35950686009214616,0.6172239221140473,0.6172239221140473,0.8362784057108864,0.7173333333333334,0.6781677572873289,0.6977505453103312,1.0577520467836259,1.0577520467836259,1.0391655760460043,1.0391655760460043,0.6989090909090909,0.657856093979442,0.6783825924442665,1.0624042207792208,1.0624042207792208,1.041052996929649,1.041052996929649,0.697029702970297,0.6524953789279113,0.6747625409491042,None,None,1.0,None,None,1.0,0.47107438016528924,0.6106965174129353,0.5408854487891123,0.7713723047920419,0.7713723047920419,0.860377862752354,0.860377862752354,0.6696696696696697,0.3938223938223938,0.5317460317460317,1.7004357298474946,1.7004357298474946,1.2758472758472759,1.2758472758472759,0.6465638148667602,0.41037735849056606,0.5284705866786631,None,None,1.0,None,None,1.0,0.8346456692913385,0.7400228050171037,0.7873342371542211,1.1278647950208074,1.1278647950208074,1.0946228642742348,1.0946228642742348,0.7263751763046544,0.8199052132701422,0.7731401947873984,0.8859257930652144,0.8859257930652144,0.9064699630345122,0.9064699630345122,0.7418952618453866,0.8085106382978723,0.7752029500716294,None,None,1.0,None,None,1.0,0.16535433070866146,0.2599771949828963,0.21266576284577887,0.636033982594281,0.636033982594281,0.9053771357257652,0.9053771357257652,0.2736248236953456,0.1800947867298578,0.22685980521260168,1.5193378368346822,1.5193378368346822,1.093530036965488,1.093530036965488,0.25810473815461343,0.19148936170212771,0.22479704992837057,None,None,1.0,None,None,1.0,0.5289256198347108,0.3893034825870647,0.45911455121088773,1.3586460011089694,1.3586460011089694,1.139622137247646,1.139622137247646,0.3303303303303303,0.6061776061776062,0.46825396825396826,0.5449398443029017,0.5449398443029017,0.7241527241527241,0.7241527241527241,0.3534361851332398,0.5896226415094339,0.47152941332133685,None,None,1.0,None,None,1.0,0.5757575757575758,0.6828929068150209,0.6293252412862984,0.8431154724433747,0.8431154724433747,0.8928646689425549,0.8928646689425549,0.696875,0.5730337078651685,0.6349543539325843,1.2161151960784315,1.2161151960784315,1.1238412921348315,1.1238412921348315,0.6901197604790419,0.58,0.6350598802395209,None,None,1.0,None,None,1.0,0.2318840579710145,0.32536382536382535,0.27862394166741994,0.7126915775339168,0.7126915775339168,0.9065202326071892,0.9065202326071892,0.29931972789115646,0.3121272365805169,0.3057234822358367,0.9589670263009663,0.9589670263009663,0.9871924913106396,0.9871924913106396,0.2975206611570248,0.319693094629156,0.3086068778930904,None,None,1.0,None,None,1.0
Feldman-SVM-DIavgall,lambda=0.05,6,0.6853112840466926,0.5924324324324325,0.7612732095490716,0.6768528209907521,0.35950686009214616,0.6172239221140473,0.6172239221140473,0.8362784057108864,0.7173333333333334,0.6781677572873289,0.6977505453103312,1.0577520467836259,1.0577520467836259,1.0391655760460043,1.0391655760460043,0.6989090909090909,0.657856093979442,0.6783825924442665,1.0624042207792208,1.0624042207792208,1.041052996929649,1.041052996929649,0.697029702970297,0.6524953789279113,0.6747625409491042,None,None,1.0,None,None,1.0,0.47107438016528924,0.6106965174129353,0.5408854487891123,0.7713723047920419,0.7713723047920419,0.860377862752354,0.860377862752354,0.6696696696696697,0.3938223938223938,0.5317460317460317,1.7004357298474946,1.7004357298474946,1.2758472758472759,1.2758472758472759,0.6465638148667602,0.41037735849056606,0.5284705866786631,None,None,1.0,None,None,1.0,0.8346456692913385,0.7400228050171037,0.7873342371542211,1.1278647950208074,1.1278647950208074,1.0946228642742348,1.0946228642742348,0.7263751763046544,0.8199052132701422,0.7731401947873984,0.8859257930652144,0.8859257930652144,0.9064699630345122,0.9064699630345122,0.7418952618453866,0.8085106382978723,0.7752029500716294,None,None,1.0,None,None,1.0,0.16535433070866146,0.2599771949828963,0.21266576284577887,0.636033982594281,0.636033982594281,0.9053771357257652,0.9053771357257652,0.2736248236953456,0.1800947867298578,0.22685980521260168,1.5193378368346822,1.5193378368346822,1.093530036965488,1.093530036965488,0.25810473815461343,0.19148936170212771,0.22479704992837057,None,None,1.0,None,None,1.0,0.5289256198347108,0.3893034825870647,0.45911455121088773,1.3586460011089694,1.3586460011089694,1.139622137247646,1.139622137247646,0.3303303303303303,0.6061776061776062,0.46825396825396826,0.5449398443029017,0.5449398443029017,0.7241527241527241,0.7241527241527241,0.3534361851332398,0.5896226415094339,0.47152941332133685,None,None,1.0,None,None,1.0,0.5757575757575758,0.6828929068150209,0.6293252412862984,0.8431154724433747,0.8431154724433747,0.8928646689425549,0.8928646689425549,0.696875,0.5730337078651685,0.6349543539325843,1.2161151960784315,1.2161151960784315,1.1238412921348315,1.1238412921348315,0.6901197604790419,0.58,0.6350598802395209,None,None,1.0,None,None,1.0,0.2318840579710145,0.32536382536382535,0.27862394166741994,0.7126915775339168,0.7126915775339168,0.9065202326071892,0.9065202326071892,0.29931972789115646,0.3121272365805169,0.3057234822358367,0.9589670263009663,0.9589670263009663,0.9871924913106396,0.9871924913106396,0.2975206611570248,0.319693094629156,0.3086068778930904,None,None,1.0,None,None,1.0
Feldman-SVM-DIavgall,lambda=0.1,6,0.6843385214007782,0.585945945945946,0.7648099027409372,0.6753779243434416,0.35726799868153214,0.6115593061415846,0.6115593061415846,0.8357041443585167,0.712,0.6781677572873289,0.6950838786436644,1.0498877192982456,1.0498877192982456,1.0338322427126712,1.0338322427126712,0.696,0.6607929515418502,0.6783964757709251,1.0532799999999998,1.0532799999999998,1.0352070484581497,1.0352070484581497,0.6943894389438944,0.6561922365988909,0.6752908377713926,None,None,1.0,None,None,1.0,0.45454545454545453,0.6057213930348259,0.5301334237901402,0.7504200112002987,0.7504200112002987,0.8488240615106286,0.8488240615106286,0.6606606606606606,0.3938223938223938,0.5272415272415272,1.6775599128540306,1.6775599128540306,1.266838266838267,1.266838266838267,0.638148667601683,0.41037735849056606,0.5242630130461245,None,None,1.0,None,None,1.0,0.8346456692913385,0.7445838084378563,0.7896147388645974,1.12095597544947,1.12095597544947,1.0900618608534822,1.0900618608534822,0.7291960507757405,0.8246445497630331,0.7769203002693867,0.8842549811131106,0.8842549811131106,0.9045515010127073,0.9045515010127073,0.7443890274314214,0.8145896656534954,0.7794893465424584,None,None,1.0,None,None,1.0,0.16535433070866146,0.2554161915621437,0.21038526113540257,0.6473917322834647,0.6473917322834647,0.9099381391465178,0.9099381391465178,0.27080394922425954,0.17535545023696686,0.2230796997306132,1.54431441314375,1.54431441314375,1.0954484989872926,1.0954484989872926,0.25561097256857856,0.18541033434650456,0.22051065345754156,None,None,1.0,None,None,1.0,0.5454545454545454,0.39427860696517414,0.4698665762098598,1.3834241468310868,1.3834241468310868,1.1511759384893714,1.1511759384893714,0.33933933933933935,0.6061776061776062,0.47275847275847277,0.5598018400566172,0.5598018400566172,0.7331617331617332,0.7331617331617332,0.361851332398317,0.5896226415094339,0.47573698695387545,None,None,1.0,None,None,1.0,0.5670103092783505,0.6849507735583685,0.6259805414183595,0.8278117657020682,0.8278117657020682,0.882059535719982,0.882059535719982,0.6962025316455697,0.5795454545454546,0.6378739930955122,1.2012906428394143,1.2012906428394143,1.1166570771001152,1.1166570771001152,0.6893939393939394,0.5878378378378378,0.6386158886158886,None,None,1.0,None,None,1.0,0.23741007194244604,0.3268041237113402,0.28210709782689314,0.72645984159045,0.72645984159045,0.9106059482311059,0.9106059482311059,0.3041722745625841,0.3108910891089109,0.30753168183574753,0.9783885264592673,0.9783885264592673,0.9932811854536732,0.9932811854536732,0.3017543859649123,0.31806615776081426,0.30991027186286324,None,None,1.0,None,None,1.0
Feldman-SVM-DIavgall,lambda=0.15,6,0.6857976653696498,0.5924324324324325,0.762157382847038,0.6772949076397352,0.36048047345376805,0.6180835654596101,0.6180835654596101,0.8368732897085068,0.7173333333333334,0.6787626412849495,0.6980479873091414,1.056825007303535,1.056825007303535,1.038570692048384,1.038570692048384,0.6989090909090909,0.6593245227606461,0.6791168068348685,1.0600380643855032,1.0600380643855032,1.0395845681484448,1.0395845681484448,0.697029702970297,0.6543438077634011,0.6756867553668491,None,None,1.0,None,None,1.0,0.47107438016528924,0.6106965174129353,0.5408854487891123,0.7713723047920419,0.7713723047920419,0.860377862752354,0.860377862752354,0.6681681681681682,0.39768339768339767,0.532925782925783,1.680151024811219,1.680151024811219,1.2704847704847704,1.2704847704847704,0.6451612903225806,0.41509433962264153,0.5301278149726111,None,None,1.0,None,None,1.0,0.8346456692913385,0.7411630558722919,0.7879043625818152,1.126129618413083,1.126129618413083,1.0934826134190465,1.0934826134190465,0.7277856135401974,0.8199052132701422,0.7738454134051698,0.8876460373235934,0.8876460373235934,0.9078804002700552,0.9078804002700552,0.743142144638404,0.8085106382978723,0.7758263914681381,None,None,1.0,None,None,1.0,0.16535433070866146,0.2588369441277081,0.21209563741818477,0.6388358944118772,0.6388358944118772,0.9065173865809534,0.9065173865809534,0.27221438645980256,0.1800947867298578,0.22615458659483018,1.511506198500483,1.511506198500483,1.0921195997299447,1.0921195997299447,0.256857855361596,0.19148936170212771,0.22417360853186186,None,None,1.0,None,None,1.0,0.5289256198347108,0.3893034825870647,0.45911455121088773,1.3586460011089694,1.3586460011089694,1.139622137247646,1.139622137247646,0.33183183183183185,0.6023166023166023,0.4670742170742171,0.5509259259259259,0.5509259259259259,0.7295152295152295,0.7295152295152295,0.3548387096774194,0.5849056603773585,0.4698721850273889,None,None,1.0,None,None,1.0,0.5757575757575758,0.6838440111420613,0.6298007934498185,0.8419428500894897,0.8419428500894897,0.8919135646155145,0.8919135646155145,0.6974921630094044,0.5754189944134078,0.6364555787114061,1.2121465745503242,1.2121465745503242,1.1220731685959966,1.1220731685959966,0.6906906906906907,0.5827814569536424,0.6367360738221666,None,None,1.0,None,None,1.0,0.2318840579710145,0.32502596053997923,0.2784550092554969,0.7134324211696069,0.7134324211696069,0.9068580974310353,0.9068580974310353,0.29986431478968795,0.3107569721115538,0.30531064345062087,0.9649479873360471,0.9649479873360471,0.9891073426781342,0.9891073426781342,0.29799764428739695,0.31794871794871793,0.30797318111805744,None,None,1.0,None,None,1.0
Feldman-SVM-DIavgall,lambda=0.2,6,0.686284046692607,0.585945945945946,0.7683465959328029,0.6771462709393744,0.3611885632171977,0.615019330504479,0.615019330504479,0.8380836803489986,0.712,0.6805472932778108,0.6962736466389055,1.0462167832167832,1.0462167832167832,1.031452706722189,1.031452706722189,0.6974545454545454,0.6637298091042585,0.6805921772794019,1.0508109412711182,1.0508109412711182,1.0337247363502868,1.0337247363502868,0.6957095709570957,0.6598890942698706,0.6777993326134832,None,None,1.0,None,None,1.0,0.45454545454545453,0.6057213930348259,0.5301334237901402,0.7504200112002987,0.7504200112002987,0.8488240615106286,0.8488240615106286,0.6606606606606606,0.3938223938223938,0.5272415272415272,1.6775599128540306,1.6775599128540306,1.266838266838267,1.266838266838267,0.638148667601683,0.41037735849056606,0.5242630130461245,None,None,1.0,None,None,1.0,0.8346456692913385,0.7491448118586089,0.7918952405749737,1.1141312815350135,1.1141312815350135,1.0855008574327296,1.0855008574327296,0.7320169252468265,0.8293838862559242,0.7807004057513753,0.8826032641547451,0.8826032641547451,0.9026330389909023,0.9026330389909023,0.7468827930174564,0.8206686930091185,0.7837757430132875,None,None,1.0,None,None,1.0,0.16535433070866146,0.25085518814139107,0.20810475942502626,0.6591624910522551,0.6591624910522551,0.9144991425672704,0.9144991425672704,0.2679830747531735,0.17061611374407581,0.21929959424862466,1.570678577025545,1.570678577025545,1.0973669610090977,1.0973669610090977,0.2531172069825436,0.1793313069908815,0.21622425698671255,None,None,1.0,None,None,1.0,0.5454545454545454,0.39427860696517414,0.4698665762098598,1.3834241468310868,1.3834241468310868,1.1511759384893714,1.1511759384893714,0.33933933933933935,0.6061776061776062,0.47275847275847277,0.5598018400566172,0.5598018400566172,0.7331617331617332,0.7331617331617332,0.361851332398317,0.5896226415094339,0.47573698695387545,None,None,1.0,None,None,1.0,0.5670103092783505,0.6888260254596889,0.6279181673690197,0.8231545968373589,0.8231545968373589,0.8781842838186616,0.8781842838186616,0.6984126984126984,0.5862068965517241,0.6423097974822112,1.1914098972922502,1.1914098972922502,1.1122058018609744,1.1122058018609744,0.6914893617021277,0.5958904109589042,0.6436898863305159,None,None,1.0,None,None,1.0,0.23741007194244604,0.32546201232032856,0.2814360421313873,0.7294555522774209,0.7294555522774209,0.9119480596221174,0.9119480596221174,0.30335570469798656,0.3096646942800789,0.30651019948903274,0.9796263839610139,0.9796263839610139,0.9936910104179076,0.9936910104179076,0.30105017502917153,0.31645569620253167,0.3087529356158516,None,None,1.0,None,None,1.0
Feldman-SVM-DIavgall,lambda=0.25,6,0.6872568093385214,0.585945945945946,0.7701149425287356,0.6780304442373408,0.36315371195700497,0.6167640661938534,0.6167640661938534,0.8392734483442394,0.712,0.6817370612730518,0.6968685306365259,1.0443909249563699,1.0443909249563699,1.0302629387269482,1.0302629387269482,0.6981818181818182,0.6651982378854625,0.6816900280336404,1.0495845875978327,1.0495845875978327,1.0329835802963556,1.0329835802963556,0.6963696369636964,0.6617375231053605,0.6790535800345284,None,None,1.0,None,None,1.0,0.45454545454545453,0.6057213930348259,0.5301334237901402,0.7504200112002987,0.7504200112002987,0.8488240615106286,0.8488240615106286,0.6606606606606606,0.3938223938223938,0.5272415272415272,1.6775599128540306,1.6775599128540306,1.266838266838267,1.266838266838267,0.638148667601683,0.41037735849056606,0.5242630130461245,None,None,1.0,None,None,1.0,0.8346456692913385,0.7514253135689852,0.7930354914301618,1.1107500029871076,1.1107500029871076,1.0832203557223532,1.0832203557223532,0.7334273624823695,0.8317535545023697,0.7825904584923695,0.8817844642950425,0.8817844642950425,0.9016738079799999,0.9016738079799999,0.7481296758104738,0.8237082066869301,0.785918941248702,None,None,1.0,None,None,1.0,0.16535433070866146,0.24857468643101477,0.2069645085698381,0.6652098533554869,0.6652098533554869,0.9167796442776467,0.9167796442776467,0.2665726375176305,0.16824644549763035,0.21740954150763042,1.5844176483442263,1.5844176483442263,1.09832619202,1.09832619202,0.25187032418952615,0.17629179331306988,0.21408105875129801,None,None,1.0,None,None,1.0,0.5454545454545454,0.39427860696517414,0.4698665762098598,1.3834241468310868,1.3834241468310868,1.1511759384893714,1.1511759384893714,0.33933933933933935,0.6061776061776062,0.47275847275847277,0.5598018400566172,0.5598018400566172,0.7331617331617332,0.7331617331617332,0.361851332398317,0.5896226415094339,0.47573698695387545,None,None,1.0,None,None,1.0,0.5670103092783505,0.6907801418439716,0.6288952255611611,0.8208260124050043,0.8208260124050043,0.8762301674343789,0.8762301674343789,0.699523052464229,0.5895953757225434,0.6445592140933862,1.1864459615324667,1.1864459615324667,1.1099276767416857,1.1099276767416857,0.6925418569254186,0.6,0.6462709284627093,None,None,1.0,None,None,1.0,0.23741007194244604,0.32479508196721313,0.2811025769548296,0.7309534076209064,0.7309534076209064,0.9126149899752329,0.9126149899752329,0.30294906166219837,0.3090551181102362,0.3060020898862173,0.9802428237222724,0.9802428237222724,0.9938939435519621,0.9938939435519621,0.3006993006993007,0.31565656565656564,0.3081779331779332,None,None,1.0,None,None,1.0
Feldman-SVM-DIavgall,lambda=0.3,6,0.6867704280155642,0.5513513513513514,0.7975243147656941,0.6744378330585228,0.3617076889895827,0.6216332819722651,0.6216332819722651,0.8539202855443189,0.7253333333333334,0.6781677572873289,0.7017505453103312,1.069548538011696,1.069548538011696,1.0471655760460044,1.0471655760460044,0.7018181818181818,0.6563876651982379,0.6791029235082098,1.0692129347162904,1.0692129347162904,1.0454305166199438,1.0454305166199438,0.6996699669966997,0.6506469500924215,0.6751584585445606,None,None,1.0,None,None,1.0,0.4462809917355372,0.5671641791044776,0.5067225854200074,0.7868638538494999,0.7868638538494999,0.8791168126310596,0.8791168126310596,0.6321321321321322,0.3436293436293436,0.4878807378807379,1.8395755305867667,1.8395755305867667,1.2885027885027887,1.2885027885027887,0.6100981767180925,0.35377358490566035,0.48193588081187644,None,None,1.0,None,None,1.0,0.8582677165354331,0.7799315849486887,0.8190996507420609,1.1004397476631211,1.1004397476631211,1.0783361315867444,1.0783361315867444,0.767277856135402,0.8483412322274881,0.807809544181445,0.9044448471763677,0.9044448471763677,0.9189366239079139,0.9189366239079139,0.7793017456359103,0.8419452887537994,0.8106235171948548,None,None,1.0,None,None,1.0,0.1417322834645669,0.22006841505131125,0.18090034925793907,0.6440373709762963,0.6440373709762963,0.9216638684132556,0.9216638684132556,0.232722143864598,0.15165876777251186,0.19219045581855493,1.5345116361071929,1.5345116361071929,1.0810633760920862,1.0810633760920862,0.22069825436408974,0.15805471124620063,0.18937648280514519,None,None,1.0,None,None,1.0,0.5537190082644627,0.4328358208955224,0.4932774145799926,1.2792818466799656,1.2792818466799656,1.1208831873689404,1.1208831873689404,0.36786786786786785,0.6563706563706564,0.5121192621192621,0.5604575163398693,0.5604575163398693,0.7114972114972115,0.7114972114972115,0.3899018232819075,0.6462264150943396,0.5180641191881236,None,None,1.0,None,None,1.0,0.6,0.7026194144838213,0.6513097072419106,0.8539473684210526,0.8539473684210526,0.8973805855161787,0.8973805855161787,0.7184300341296929,0.5816993464052288,0.6500646902674608,1.2350538788971124,1.2350538788971124,1.136730687724464,1.136730687724464,0.7107843137254902,0.5905511811023622,0.6506677474139262,None,None,1.0,None,None,1.0,0.23508771929824562,0.3372093023255814,0.2861485108119135,0.6971566848154871,0.6971566848154871,0.8978784169726642,0.8978784169726642,0.3105196451204056,0.32196969696969696,0.3162446710450513,0.9644374860210244,0.9644374860210244,0.9885499481507086,0.9885499481507086,0.3078626799557032,0.3309178743961353,0.3193902771759193,None,None,1.0,None,None,1.0
Feldman-SVM-DIavgall,lambda=0.35,6,0.6867704280155642,0.5513513513513514,0.7975243147656941,0.6744378330585228,0.3617076889895827,0.6216332819722651,0.6216332819722651,0.8539202855443189,0.7253333333333334,0.6781677572873289,0.7017505453103312,1.069548538011696,1.069548538011696,1.0471655760460044,1.0471655760460044,0.7018181818181818,0.6563876651982379,0.6791029235082098,1.0692129347162904,1.0692129347162904,1.0454305166199438,1.0454305166199438,0.6996699669966997,0.6506469500924215,0.6751584585445606,None,None,1.0,None,None,1.0,0.4462809917355372,0.5671641791044776,0.5067225854200074,0.7868638538494999,0.7868638538494999,0.8791168126310596,0.8791168126310596,0.6321321321321322,0.3436293436293436,0.4878807378807379,1.8395755305867667,1.8395755305867667,1.2885027885027887,1.2885027885027887,0.6100981767180925,0.35377358490566035,0.48193588081187644,None,None,1.0,None,None,1.0,0.8582677165354331,0.7799315849486887,0.8190996507420609,1.1004397476631211,1.1004397476631211,1.0783361315867444,1.0783361315867444,0.767277856135402,0.8483412322274881,0.807809544181445,0.9044448471763677,0.9044448471763677,0.9189366239079139,0.9189366239079139,0.7793017456359103,0.8419452887537994,0.8106235171948548,None,None,1.0,None,None,1.0,0.1417322834645669,0.22006841505131125,0.18090034925793907,0.6440373709762963,0.6440373709762963,0.9216638684132556,0.9216638684132556,0.232722143864598,0.15165876777251186,0.19219045581855493,1.5345116361071929,1.5345116361071929,1.0810633760920862,1.0810633760920862,0.22069825436408974,0.15805471124620063,0.18937648280514519,None,None,1.0,None,None,1.0,0.5537190082644627,0.4328358208955224,0.4932774145799926,1.2792818466799656,1.2792818466799656,1.1208831873689404,1.1208831873689404,0.36786786786786785,0.6563706563706564,0.5121192621192621,0.5604575163398693,0.5604575163398693,0.7114972114972115,0.7114972114972115,0.3899018232819075,0.6462264150943396,0.5180641191881236,None,None,1.0,None,None,1.0,0.6,0.7026194144838213,0.6513097072419106,0.8539473684210526,0.8539473684210526,0.8973805855161787,0.8973805855161787,0.7184300341296929,0.5816993464052288,0.6500646902674608,1.2350538788971124,1.2350538788971124,1.136730687724464,1.136730687724464,0.7107843137254902,0.5905511811023622,0.6506677474139262,None,None,1.0,None,None,1.0,0.23508771929824562,0.3372093023255814,0.2861485108119135,0.6971566848154871,0.6971566848154871,0.8978784169726642,0.8978784169726642,0.3105196451204056,0.32196969696969696,0.3162446710450513,0.9644374860210244,0.9644374860210244,0.9885499481507086,0.9885499481507086,0.3078626799557032,0.3309178743961353,0.3193902771759193,None,None,1.0,None,None,1.0
Feldman-SVM-DIavgall,lambda=0.4,6,0.6853112840466926,0.547027027027027,0.7984084880636605,0.6727177575453438,0.35867854366197255,0.6264596273291925,0.6264596273291925,0.8568947055324212,0.7253333333333334,0.6763831052944675,0.7008582193139005,1.0723705658164762,1.0723705658164762,1.0489502280388658,1.0489502280388658,0.6996363636363636,0.6563876651982379,0.6780120144173007,1.0658889566809029,1.0658889566809029,1.0432486984381257,1.0432486984381257,0.6976897689768977,0.6506469500924215,0.6741683595346596,None,None,1.0,None,None,1.0,0.4462809917355372,0.5621890547263682,0.5042350232309527,0.7938272507862211,0.7938272507862211,0.8840919370091691,0.8840919370091691,0.6261261261261262,0.3436293436293436,0.4848777348777349,1.822097378277154,1.822097378277154,1.2824967824967826,1.2824967824967826,0.6044880785413744,0.35377358490566035,0.4791308317235174,None,None,1.0,None,None,1.0,0.8582677165354331,0.7810718358038768,0.819669776169655,1.0988332662796714,1.0988332662796714,1.0771958807315563,1.0771958807315563,0.768688293370945,0.8483412322274881,0.8085147627992166,0.9061074296160302,0.9061074296160302,0.9203470611434569,0.9203470611434569,0.7805486284289277,0.8419452887537994,0.8112469585913635,None,None,1.0,None,None,1.0,0.1417322834645669,0.21892816419612315,0.18033022383034503,0.6473917322834644,0.6473917322834644,0.9228041192684437,0.9228041192684437,0.23131170662905498,0.15165876777251186,0.19148523720078342,1.525211565585331,1.525211565585331,1.079652938856543,1.079652938856543,0.2194513715710723,0.15805471124620063,0.18875304140863647,None,None,1.0,None,None,1.0,0.5537190082644627,0.43781094527363185,0.4957649767690473,1.2647445529676933,1.2647445529676933,1.115908062990831,1.115908062990831,0.37387387387387383,0.6563706563706564,0.5151222651222651,0.5696078431372548,0.5696078431372548,0.7175032175032174,0.7175032175032174,0.39551192145862557,0.6462264150943396,0.5208691682764826,None,None,1.0,None,None,1.0,0.6,0.7018633540372671,0.6509316770186335,0.8548672566371681,0.8548672566371681,0.8981366459627329,0.8981366459627329,0.7177280550774526,0.5816993464052288,0.6497137007413407,1.2338471059196656,1.2338471059196656,1.1360287086722238,1.1360287086722238,0.7100494233937397,0.5905511811023622,0.6503003022480509,None,None,1.0,None,None,1.0,0.23508771929824562,0.3394406943105111,0.28726420680437836,0.6925737639553429,0.6925737639553429,0.8956470249877345,0.8956470249877345,0.3136020151133501,0.32196969696969696,0.31778585604152354,0.9740109645873463,0.9740109645873463,0.9916323181436532,0.9916323181436532,0.31057268722466963,0.3309178743961353,0.32074528081040243,None,None,1.0,None,None,1.0
Feldman-SVM-DIavgall,lambda=0.45,6,0.6853112840466926,0.5459459459459459,0.7992926613616269,0.6726193036537864,0.35869224872268085,0.6204624157594608,0.6204624157594608,0.854822922863375,0.7226666666666667,0.6769779892920881,0.6998223279793774,1.0674891622729936,1.0674891622729936,1.0456886773745786,1.0456886773745786,0.6996363636363636,0.6563876651982379,0.6780120144173007,1.0658889566809029,1.0658889566809029,1.0432486984381257,1.0432486984381257,0.6976897689768977,0.6506469500924215,0.6741683595346596,None,None,1.0,None,None,1.0,0.4380165289256198,0.5621890547263682,0.5001027918259939,0.7791267461420317,0.7791267461420317,0.8758274741992517,0.8758274741992517,0.6246246246246246,0.3436293436293436,0.48412698412698413,1.8177278401997505,1.8177278401997505,1.2809952809952811,1.2809952809952811,0.603085553997195,0.35377358490566035,0.47842956945142767,None,None,1.0,None,None,1.0,0.8582677165354331,0.7822120866590649,0.820239901597249,1.0972314685154152,1.0972314685154152,1.0760556298763682,1.0760556298763682,0.770098730606488,0.8483412322274881,0.809219981416988,0.9077700120556926,0.9077700120556926,0.9217574983789999,0.9217574983789999,0.7817955112219451,0.8419452887537994,0.8118703999878722,None,None,1.0,None,None,1.0,0.1417322834645669,0.21778791334093506,0.17976009840275098,0.6507812177928017,0.6507812177928017,0.9239443701236318,0.9239443701236318,0.22990126939351196,0.15165876777251186,0.1907800185830119,1.5159114950634693,1.5159114950634693,1.0782425016210002,1.0782425016210002,0.21820448877805487,0.15805471124620063,0.18812960001212775,None,None,1.0,None,None,1.0,0.5619834710743802,0.43781094527363185,0.499897208174006,1.2836213373403456,1.2836213373403456,1.1241725258007484,1.1241725258007484,0.37537537537537535,0.6563706563706564,0.5158730158730158,0.5718954248366013,0.5718954248366013,0.719004719004719,0.719004719004719,0.396914446002805,0.6462264150943396,0.5215704305485723,None,None,1.0,None,None,1.0,0.5955056179775281,0.702954898911353,0.6492302584444405,0.8471462662821916,0.8471462662821916,0.8925507190661751,0.8925507190661751,0.7184801381692574,0.5816993464052288,0.6500897422872431,1.2351400128078245,1.2351400128078245,1.1367807917640285,1.1367807917640285,0.7107438016528925,0.5905511811023622,0.6506474913776273,None,None,1.0,None,None,1.0,0.23776223776223776,0.33911368015414256,0.28843795895819013,0.701128417037508,0.701128417037508,0.8986485576080951,0.8986485576080951,0.314070351758794,0.32196969696969696,0.3180200243642455,0.975465563109666,0.975465563109666,0.992100654789097,0.992100654789097,0.310989010989011,0.3309178743961353,0.32095344269257314,None,None,1.0,None,None,1.0
Feldman-SVM-DIavgall,lambda=0.5,6,0.6857976653696498,0.5394594594594595,0.8054818744473917,0.6724706669534256,0.3598464797392331,0.6251579503433703,0.6251579503433703,0.8592948641681539,0.72,0.6781677572873289,0.6990838786436644,1.0616842105263158,1.0616842105263158,1.0418322427126712,1.0418322427126712,0.6996363636363636,0.657856093979442,0.6787462288079028,1.0635097402597402,1.0635097402597402,1.0417802696569216,1.0417802696569216,0.6976897689768977,0.6524953789279113,0.6750925739524045,None,None,1.0,None,None,1.0,0.4297520661157025,0.5559701492537313,0.4928611076847169,0.772976870597371,0.772976870597371,0.8737819168619712,0.8737819168619712,0.6171171171171171,0.33976833976833976,0.47844272844272845,1.816287878787879,1.816287878787879,1.2773487773487773,1.2773487773487773,0.5960729312762973,0.3490566037735849,0.47256476752494114,None,None,1.0,None,None,1.0,0.8582677165354331,0.790193842645382,0.8242307795904076,1.0861483223687949,1.0861483223687949,1.068073873890051,1.068073873890051,0.7771509167842031,0.8530805687203792,0.8151157427522912,0.9109935746748158,0.9109935746748158,0.9240703480638239,0.9240703480638239,0.7880299251870324,0.8480243161094225,0.8180271206482275,None,None,1.0,None,None,1.0,0.1417322834645669,0.20980615735461805,0.17576922040959247,0.6755391989044846,0.6755391989044846,0.9319261261099488,0.9319261261099488,0.22284908321579688,0.14691943127962082,0.18488425724770885,1.5168115018881663,1.5168115018881663,1.075929651936176,1.075929651936176,0.2119700748129676,0.15197568389057747,0.18197287935177253,None,None,1.0,None,None,1.0,0.5702479338842975,0.44402985074626866,0.5071388923152831,1.284255851100771,1.284255851100771,1.1262180831380288,1.1262180831380288,0.38288288288288286,0.6602316602316602,0.5215572715572716,0.5799220272904483,0.5799220272904483,0.7226512226512226,0.7226512226512226,0.40392706872370265,0.6509433962264151,0.5274352324750589,None,None,1.0,None,None,1.0,0.5909090909090909,0.7083993660855784,0.6496542284973347,0.8341468375025423,0.8341468375025423,0.8825097248235125,0.8825097248235125,0.7223198594024605,0.5866666666666667,0.6544932630345636,1.2312270330723758,1.2312270330723758,1.1356531927357938,1.1356531927357938,0.7142857142857143,0.5967741935483871,0.6555299539170507,None,None,1.0,None,None,1.0,0.24041811846689895,0.34,0.2902090592334495,0.7071121131379381,0.7071121131379381,0.9004181184668989,0.9004181184668989,0.3163771712158809,0.3220338983050847,0.3192055347604828,0.9824343737756301,0.9824343737756301,0.9943432729107962,0.9943432729107962,0.3130434782608696,0.33093525179856115,0.32198936502971537,None,None,1.0,None,None,1.0
Feldman-SVM-DIavgall,lambda=0.55,6,0.6853112840466926,0.5535135135135135,0.7931034482758621,0.6733084808946879,0.358630249608039,0.8002232754081096,0.8002232754081096,0.9247717628395796,0.712,0.6793575252825699,0.6956787626412849,1.0480490367775832,1.0480490367775832,1.03264247471743,1.03264247471743,0.6974545454545454,0.6607929515418502,0.6791237484981978,1.055481212121212,1.055481212121212,1.036661593912695,1.036661593912695,0.6937293729372938,0.6617375231053605,0.6777334480213271,None,None,1.0,None,None,1.0,0.5206611570247934,0.5584577114427861,0.5395594342337897,0.9323197555633271,0.9323197555633271,0.9622034455820073,0.9622034455820073,0.6306306306306306,0.3552123552123552,0.4929214929214929,1.7753623188405796,1.7753623188405796,1.2754182754182755,1.2754182754182755,0.6100981767180925,0.3632075471698113,0.4866528619439519,None,None,1.0,None,None,1.0,0.8031496062992126,0.790193842645382,0.7966717244722973,1.0163956778130008,1.0163956778130008,1.0129557636538307,1.0129557636538307,0.7602256699576869,0.8483412322274881,0.8042834510925876,0.8961319349780555,0.8961319349780555,0.9118844377301988,0.9118844377301988,0.7680798004987531,0.8541033434650456,0.8110915719818994,None,None,1.0,None,None,1.0,0.19685039370078738,0.20980615735461805,0.20332827552770272,0.9382488873673397,0.9382488873673397,0.9870442363461693,0.9870442363461693,0.23977433004231308,0.15165876777251186,0.19571654890741247,1.5810119887165017,1.5810119887165017,1.088115562269801,1.088115562269801,0.23192019950124687,0.14589665653495443,0.18890842801810065,None,None,1.0,None,None,1.0,0.47933884297520657,0.4415422885572139,0.46044056576621023,1.0856012105692003,1.0856012105692003,1.0377965544179926,1.0377965544179926,0.36936936936936937,0.6447876447876448,0.5070785070785071,0.5728542914171656,0.5728542914171656,0.7245817245817245,0.7245817245817245,0.3899018232819075,0.6367924528301887,0.5133471380560481,None,None,1.0,None,None,1.0,0.5575221238938053,0.7093206951026856,0.6334214094982454,0.7859944419260106,0.7859944419260106,0.8482014287911197,0.8482014287911197,0.711864406779661,0.5897435897435898,0.6508039982616254,1.2070744288872512,1.2070744288872512,1.1221208170360712,1.1221208170360712,0.7004830917874396,0.616,0.6582415458937199,None,None,1.0,None,None,1.0,0.22137404580152673,0.3387404580152672,0.280057251908397,0.6535211267605634,0.6535211267605634,0.8826335877862596,0.8826335877862596,0.31337579617834393,0.3180952380952381,0.31573551713679104,0.9851634310995843,0.9851634310995843,0.9952805580831059,0.9952805580831059,0.31096196868008946,0.3245192307692308,0.3177405997246601,None,None,1.0,None,None,1.0
Feldman-SVM-DIavgall,lambda=0.6,6,0.6848249027237354,0.5524324324324325,0.7931034482758621,0.6727679403541473,0.3576150916829679,0.7931416535018432,0.7931416535018432,0.9221050961729129,0.7093333333333334,0.6793575252825699,0.6943454293079516,1.0441237594862816,1.0441237594862816,1.0299758080507635,1.0299758080507635,0.6967272727272728,0.6607929515418502,0.6787601121345614,1.054380606060606,1.054380606060606,1.0359343211854224,1.0359343211854224,0.693069306930693,0.6617375231053605,0.6774034150180268,None,None,1.0,None,None,1.0,0.512396694214876,0.5584577114427861,0.535427202828831,0.917521029284544,0.917521029284544,0.9539389827720899,0.9539389827720899,0.6291291291291291,0.3552123552123552,0.4921707421707422,1.771135265700483,1.771135265700483,1.2739167739167738,1.2739167739167738,0.6086956521739131,0.3632075471698113,0.4859515996718622,None,None,1.0,None,None,1.0,0.8031496062992126,0.790193842645382,0.7966717244722973,1.0163956778130008,1.0163956778130008,1.0129557636538307,1.0129557636538307,0.7602256699576869,0.8483412322274881,0.8042834510925876,0.8961319349780555,0.8961319349780555,0.9118844377301988,0.9118844377301988,0.7680798004987531,0.8541033434650456,0.8110915719818994,None,None,1.0,None,None,1.0,0.19685039370078738,0.20980615735461805,0.20332827552770272,0.9382488873673397,0.9382488873673397,0.9870442363461693,0.9870442363461693,0.23977433004231308,0.15165876777251186,0.19571654890741247,1.5810119887165017,1.5810119887165017,1.088115562269801,1.088115562269801,0.23192019950124687,0.14589665653495443,0.18890842801810065,None,None,1.0,None,None,1.0,0.487603305785124,0.4415422885572139,0.46457279717116895,1.1043184728203936,1.1043184728203936,1.0460610172279101,1.0460610172279101,0.3708708708708709,0.6447876447876448,0.5078292578292578,0.5751829673985362,0.5751829673985362,0.7260832260832261,0.7260832260832261,0.3913043478260869,0.6367924528301887,0.5140484003281378,None,None,1.0,None,None,1.0,0.5535714285714286,0.7093206951026856,0.6314460618370571,0.7804247534202992,0.7804247534202992,0.844250733468743,0.844250733468743,0.7113752122241087,0.5897435897435898,0.6505594009838492,1.2062449250756626,1.2062449250756626,1.121631622480519,1.121631622480519,0.7,0.616,0.6579999999999999,None,None,1.0,None,None,1.0,0.22433460076045628,0.3387404580152672,0.28153752938786175,0.6622610185829807,0.6622610185829807,0.8855941427451891,0.8855941427451891,0.3142493638676845,0.3180952380952381,0.3161723009814613,0.987909676829547,0.987909676829547,0.9961541257724464,0.9961541257724464,0.311731843575419,0.3245192307692308,0.3181255371723249,None,None,1.0,None,None,1.0
Feldman-SVM-DIavgall,lambda=0.65,6,0.6853112840466926,0.5535135135135135,0.7931034482758621,0.6733084808946879,0.358630249608039,0.8002232754081096,0.8002232754081096,0.9247717628395796,0.712,0.6793575252825699,0.6956787626412849,1.0480490367775832,1.0480490367775832,1.03264247471743,1.03264247471743,0.6967272727272728,0.6622613803230544,0.6794943265251636,1.0520427333198952,1.0520427333198952,1.0344658924042185,1.0344658924042185,0.693069306930693,0.6635859519408502,0.6783276294357716,None,None,1.0,None,None,1.0,0.5206611570247934,0.5584577114427861,0.5395594342337897,0.9323197555633271,0.9323197555633271,0.9622034455820073,0.9622034455820073,0.6291291291291291,0.3590733590733591,0.4941012441012441,1.7520908004778972,1.7520908004778972,1.27005577005577,1.27005577005577,0.6086956521739131,0.36792452830188677,0.48831009023789995,None,None,1.0,None,None,1.0,0.8031496062992126,0.790193842645382,0.7966717244722973,1.0163956778130008,1.0163956778130008,1.0129557636538307,1.0129557636538307,0.7602256699576869,0.8483412322274881,0.8042834510925876,0.8961319349780555,0.8961319349780555,0.9118844377301988,0.9118844377301988,0.7680798004987531,0.8541033434650456,0.8110915719818994,None,None,1.0,None,None,1.0,0.19685039370078738,0.20980615735461805,0.20332827552770272,0.9382488873673397,0.9382488873673397,0.9870442363461693,0.9870442363461693,0.23977433004231308,0.15165876777251186,0.19571654890741247,1.5810119887165017,1.5810119887165017,1.088115562269801,1.088115562269801,0.23192019950124687,0.14589665653495443,0.18890842801810065,None,None,1.0,None,None,1.0,0.47933884297520657,0.4415422885572139,0.46044056576621023,1.0856012105692003,1.0856012105692003,1.0377965544179926,1.0377965544179926,0.3708708708708709,0.640926640926641,0.505898755898756,0.5786479250334672,0.5786479250334672,0.7299442299442299,0.7299442299442299,0.3913043478260869,0.6320754716981132,0.5116899097621,None,None,1.0,None,None,1.0,0.5575221238938053,0.7093206951026856,0.6334214094982454,0.7859944419260106,0.7859944419260106,0.8482014287911197,0.8482014287911197,0.7113752122241087,0.5923566878980892,0.6518659500610989,1.2009237453675814,1.2009237453675814,1.1190185243260196,1.1190185243260196,0.7,0.6190476190476191,0.6595238095238095,None,None,1.0,None,None,1.0,0.22137404580152673,0.3387404580152672,0.280057251908397,0.6535211267605634,0.6535211267605634,0.8826335877862596,0.8826335877862596,0.3142493638676845,0.31679389312977096,0.3155216284987277,0.9919678714859439,0.9919678714859439,0.9974554707379135,0.9974554707379135,0.311731843575419,0.3228915662650602,0.31731170492023963,None,None,1.0,None,None,1.0
Feldman-SVM-DIavgall,lambda=0.7,6,0.6828793774319066,0.5481081081081081,0.7931034482758621,0.6706057781919851,0.3535525062110125,0.7981854795972444,0.7981854795972444,0.9244846321633948,0.7093333333333334,0.6769779892920881,0.6931556613127108,1.047793790275337,1.047793790275337,1.0323553440412452,1.0323553440412452,0.6938181818181818,0.6607929515418502,0.6773055666800161,1.0499781818181817,1.0499781818181817,1.0330252302763316,1.0330252302763316,0.6904290429042904,0.6617375231053605,0.6760832830048255,None,None,1.0,None,None,1.0,0.512396694214876,0.5534825870646766,0.5329396406397763,0.9257684093230569,0.9257684093230569,0.9589141071501994,0.9589141071501994,0.6231231231231231,0.3552123552123552,0.48916773916773915,1.7542270531400965,1.7542270531400965,1.267910767910768,1.267910767910768,0.603085553997195,0.3632075471698113,0.48314655058350314,None,None,1.0,None,None,1.0,0.8031496062992126,0.790193842645382,0.7966717244722973,1.0163956778130008,1.0163956778130008,1.0129557636538307,1.0129557636538307,0.7602256699576869,0.8483412322274881,0.8042834510925876,0.8961319349780555,0.8961319349780555,0.9118844377301988,0.9118844377301988,0.7680798004987531,0.8541033434650456,0.8110915719818994,None,None,1.0,None,None,1.0,0.19685039370078738,0.20980615735461805,0.20332827552770272,0.9382488873673397,0.9382488873673397,0.9870442363461693,0.9870442363461693,0.23977433004231308,0.15165876777251186,0.19571654890741247,1.5810119887165017,1.5810119887165017,1.088115562269801,1.088115562269801,0.23192019950124687,0.14589665653495443,0.18890842801810065,None,None,1.0,None,None,1.0,0.487603305785124,0.44651741293532343,0.4670603593602237,1.0920140887221161,1.0920140887221161,1.0410858928498006,1.0410858928498006,0.3768768768768769,0.6447876447876448,0.5108322608322609,0.5844976713240186,0.5844976713240186,0.732089232089232,0.732089232089232,0.396914446002805,0.6367924528301887,0.5168534494164969,None,None,1.0,None,None,1.0,0.5535714285714286,0.7074721780604134,0.630521803315921,0.7824638844301766,0.7824638844301766,0.8460992505110152,0.8460992505110152,0.7094017094017094,0.5897435897435898,0.6495726495726496,1.2028985507246377,1.2028985507246377,1.1196581196581197,1.1196581196581197,0.698051948051948,0.616,0.6570259740259741,None,None,1.0,None,None,1.0,0.22433460076045628,0.34125475285171103,0.28279467680608367,0.6573816155988857,0.6573816155988857,0.8830798479087453,0.8830798479087453,0.31772151898734174,0.3180952380952381,0.31790837854128995,0.9988251345410444,0.9988251345410444,0.9996262808921037,0.9996262808921037,0.3147942157953281,0.3245192307692308,0.31965672328227945,None,None,1.0,None,None,1.0
Feldman-SVM-DIavgall,lambda=0.75,6,0.6799610894941635,0.5308108108108108,0.801945181255526,0.6663779960331684,0.347584693861652,0.8414307862679956,0.8414307862679956,0.943213166765814,0.712,0.6728138013087448,0.6924069006543724,1.0582422634836428,1.0582422634836428,1.0391861986912552,1.0391861986912552,0.6909090909090909,0.657856093979442,0.6743825924442665,1.0502435064935065,1.0502435064935065,1.033052996929649,1.033052996929649,0.6877887788778878,0.6580406654343808,0.6729147221561342,None,None,1.0,None,None,1.0,0.5206611570247934,0.5323383084577115,0.5264997327412524,0.9780644164671353,0.9780644164671353,0.988322848567082,0.988322848567082,0.6051051051051051,0.33976833976833976,0.4724367224367224,1.7809343434343434,1.7809343434343434,1.2653367653367653,1.2653367653367653,0.5862552594670407,0.3443396226415094,0.46529744105427506,None,None,1.0,None,None,1.0,0.8031496062992126,0.8015963511972634,0.802372978748238,1.0019377023106821,1.0019377023106821,1.0015532551019493,1.0015532551019493,0.771509167842031,0.8530805687203792,0.8122948682812051,0.904380191192603,0.904380191192603,0.9184285991216519,0.9184285991216519,0.7780548628428927,0.8601823708206687,0.8191186168317808,None,None,1.0,None,None,1.0,0.19685039370078738,0.19840364880273664,0.19762702125176201,0.9921712372160374,0.9921712372160374,0.9984467448980507,0.9984467448980507,0.22849083215796895,0.14691943127962082,0.18770513171879488,1.5552117930752083,1.5552117930752083,1.0815714008783481,1.0815714008783481,0.2219451371571073,0.13981762917933127,0.18088138316821928,None,None,1.0,None,None,1.0,0.47933884297520657,0.46766169154228854,0.47350026725874755,1.0249692280640055,1.0249692280640055,1.011677151432918,1.011677151432918,0.39489489489489493,0.6602316602316602,0.5275632775632776,0.5981156595191683,0.5981156595191683,0.7346632346632347,0.7346632346632347,0.4137447405329593,0.6556603773584906,0.5347025589457249,None,None,1.0,None,None,1.0,0.5575221238938053,0.7109634551495017,0.6342427895216535,0.7841783144487635,0.7841783144487635,0.8465586687443036,0.8465586687443036,0.7132743362831858,0.5866666666666667,0.6499705014749262,1.2158085277554305,1.2158085277554305,1.126607669616519,1.126607669616519,0.7013422818791947,0.6134453781512605,0.6573938300152276,None,None,1.0,None,None,1.0,0.22137404580152673,0.3484708063021316,0.28492242605182916,0.6352728601591684,0.6352728601591684,0.8729032394993951,0.8729032394993951,0.32469135802469135,0.3220338983050847,0.32336262816488803,1.0082521117608838,1.0082521117608838,1.0026574597196065,1.0026574597196065,0.32100108813928185,0.3293838862559242,0.325192487197603,None,None,1.0,None,None,1.0
Feldman-SVM-DIavgall,lambda=0.8,6,0.6819066147859922,0.532972972972973,0.8037135278514589,0.668343250412216,0.351690359021637,0.8502895174708819,0.8502895174708819,0.9464747174301011,0.7146666666666667,0.6745984533016062,0.6946325599841364,1.0593956496178718,1.0593956496178718,1.0400682133650605,1.0400682133650605,0.6930909090909091,0.6593245227606461,0.6762077159257776,1.051213605993116,1.051213605993116,1.0337663863302629,1.0337663863302629,0.6897689768976898,0.6598890942698706,0.6748290355837803,None,None,1.0,None,None,1.0,0.5289256198347108,0.5335820895522388,0.5312538546934749,0.991273189620297,0.991273189620297,0.9953435302824719,0.9953435302824719,0.6066066066066066,0.3436293436293436,0.4751179751179751,1.7652933832709115,1.7652933832709115,1.2629772629772629,1.2629772629772629,0.5876577840112202,0.3490566037735849,0.4683571938924025,None,None,1.0,None,None,1.0,0.8031496062992126,0.8038768529076397,0.8035132296034262,0.9990953258502262,0.9990953258502262,0.999272753391573,0.999272753391573,0.7743300423131171,0.8530805687203792,0.8137053055167481,0.9076868829337095,0.9076868829337095,0.9212494735927379,0.9212494735927379,0.7805486284289277,0.8601823708206687,0.8203654996247982,None,None,1.0,None,None,1.0,0.19685039370078738,0.19612314709236034,0.19648677039657386,1.0037081120673867,1.0037081120673867,1.000727246608427,1.000727246608427,0.22566995768688292,0.14691943127962082,0.18629469448325187,1.5360116474816874,1.5360116474816874,1.078750526407262,1.078750526407262,0.2194513715710723,0.13981762917933127,0.1796345003752018,None,None,1.0,None,None,1.0,0.47107438016528924,0.46641791044776115,0.4687461453065252,1.0099834710743802,1.0099834710743802,1.0046564697175282,1.0046564697175282,0.3933933933933934,0.6563706563706564,0.524882024882025,0.5993464052287582,0.5993464052287582,0.737022737022737,0.737022737022737,0.41234221598877985,0.6509433962264151,0.5316428061075975,None,None,1.0,None,None,1.0,0.5614035087719298,0.7138103161397671,0.6376069124558484,0.7864883654357337,0.7864883654357337,0.8475931926321627,0.8475931926321627,0.7163120567375887,0.5894039735099338,0.6528580151237613,1.2153159614311897,1.2153159614311897,1.1269080832276548,1.1269080832276548,0.704201680672269,0.6166666666666667,0.6604341736694679,None,None,1.0,None,None,1.0,0.21839080459770116,0.3472222222222222,0.28280651340996166,0.6289655172413794,0.6289655172413794,0.8711685823754789,0.8711685823754789,0.32305795314426633,0.32075471698113206,0.32190633506269917,1.0071806774497716,1.0071806774497716,1.0023032361631343,1.0023032361631343,0.31956521739130433,0.32779097387173395,0.32367809563151917,None,None,1.0,None,None,1.0
Feldman-SVM-DIavgall,lambda=0.85,6,0.6809338521400778,0.5232432432432432,0.8099027409372237,0.6665729920902335,0.34987123634204625,0.8644050056882822,0.8644050056882822,0.9527313107277414,0.712,0.6740035693039858,0.6930017846519929,1.0563742277140336,1.0563742277140336,1.037996430696014,1.037996430696014,0.6923636363636364,0.657856093979442,0.6751098651715393,1.0524545454545455,1.0524545454545455,1.0345075423841945,1.0345075423841945,0.689108910891089,0.6580406654343808,0.673574788162735,None,None,1.0,None,None,1.0,0.5206611570247934,0.5236318407960199,0.5221464989104067,0.9943267701851163,0.9943267701851163,0.9970293162287736,0.9970293162287736,0.5975975975975976,0.33204633204633205,0.4648219648219648,1.7997416020671833,1.7997416020671833,1.2655512655512655,1.2655512655512655,0.5792426367461431,0.33490566037735847,0.45707414856175077,None,None,1.0,None,None,1.0,0.8031496062992126,0.8118586088939567,0.8075041075965846,0.9892727594443953,0.9892727594443953,0.991290997405256,0.991290997405256,0.7813822284908322,0.8578199052132701,0.8196010668520511,0.9108930950915226,0.9108930950915226,0.923562323277562,0.923562323277562,0.786783042394015,0.8662613981762918,0.8265222202851534,None,None,1.0,None,None,1.0,0.19685039370078738,0.18814139110604333,0.19249589240341536,1.0462896683369123,1.0462896683369123,1.008709002594744,1.008709002594744,0.21861777150916784,0.14218009478672988,0.18039893314794886,1.5376116596144802,1.5376116596144802,1.076437676722438,1.076437676722438,0.21321695760598502,0.13373860182370823,0.17347777971484662,None,None,1.0,None,None,1.0,0.47933884297520657,0.4763681592039801,0.47785350108959335,1.0062361090132272,1.0062361090132272,1.0029706837712264,1.0029706837712264,0.40240240240240244,0.667953667953668,0.5351780351780352,0.6024405908798973,0.6024405908798973,0.7344487344487345,0.7344487344487345,0.42075736325385693,0.6650943396226415,0.5429258514382492,None,None,1.0,None,None,1.0,0.5575221238938053,0.7184300341296929,0.637976079011749,0.7760284194816387,0.7760284194816387,0.8390920897641124,0.8390920897641124,0.7197106690777577,0.589041095890411,0.6543758824840844,1.2218343916901468,1.2218343916901468,1.1306695731873466,1.1306695731873466,0.7071917808219178,0.6173913043478261,0.6622915425848719,None,None,1.0,None,None,1.0,0.22137404580152673,0.3497716894977169,0.2855728676496218,0.6329101309469236,0.6329101309469236,0.8716023563038098,0.8716023563038098,0.3260340632603406,0.3233644859813084,0.3246992746208245,1.0082556291577007,1.0082556291577007,1.0026695772790322,1.0026695772790322,0.322234156820623,0.33098591549295775,0.3266100361567904,None,None,1.0,None,None,1.0
Feldman-SVM-DIavgall,lambda=0.9,6,0.6799610894941635,0.5221621621621622,0.8090185676392573,0.6655903649007098,0.3478073183842314,0.8644050056882822,0.8644050056882822,0.9527313107277414,0.712,0.6728138013087448,0.6924069006543724,1.0582422634836428,1.0582422634836428,1.0391861986912552,1.0391861986912552,0.6916363636363636,0.6563876651982379,0.6740120144173007,1.0537010372178157,1.0537010372178157,1.0352486984381257,1.0352486984381257,0.6884488448844884,0.6561922365988909,0.6723205407416897,None,None,1.0,None,None,1.0,0.5206611570247934,0.5223880597014925,0.521524608363143,0.9966942148760333,0.9966942148760333,0.9982730973233009,0.9982730973233009,0.5975975975975976,0.3281853281853282,0.4628914628914629,1.8209150326797383,1.8209150326797383,1.2694122694122694,1.2694122694122694,0.5792426367461431,0.330188679245283,0.454715657995713,None,None,1.0,None,None,1.0,0.8031496062992126,0.8107183580387686,0.8069339821689906,0.990664141665836,0.990664141665836,0.992431248260444,0.992431248260444,0.7799717912552891,0.8578199052132701,0.8188958482342796,0.9092488837285415,0.9092488837285415,0.922151886042019,0.922151886042019,0.7855361596009975,0.8662613981762918,0.8258987788886447,None,None,1.0,None,None,1.0,0.19685039370078738,0.18928164196123143,0.1930660178310094,1.0399867185276541,1.0399867185276541,1.007568751739556,1.007568751739556,0.22002820874471085,0.14218009478672988,0.18110415176572037,1.5475317348377995,1.5475317348377995,1.077848113957981,1.077848113957981,0.21446384039900246,0.13373860182370823,0.17410122111135534,None,None,1.0,None,None,1.0,0.47933884297520657,0.4776119402985075,0.47847539163685704,1.0036157024793386,1.0036157024793386,1.001726902676699,1.001726902676699,0.40240240240240244,0.6718146718146718,0.5371085371085371,0.5989782886334611,0.5989782886334611,0.7305877305877306,0.7305877305877306,0.42075736325385693,0.6698113207547169,0.545284342004287,None,None,1.0,None,None,1.0,0.5575221238938053,0.7167235494880546,0.63712283669093,0.7778761061946903,0.7778761061946903,0.8407985744057507,0.8407985744057507,0.7184115523465704,0.5862068965517241,0.6523092244491473,1.2255255892970909,1.2255255892970909,1.1322046557948462,1.1322046557948462,0.705982905982906,0.6140350877192983,0.6600089968511021,None,None,1.0,None,None,1.0,0.22137404580152673,0.3506849315068493,0.28602948865418804,0.631261927480916,0.631261927480916,0.8706891142946774,0.8706891142946774,0.3264311814859927,0.3246268656716418,0.32552902357881724,1.0055581222786902,1.0055581222786902,1.001804315814351,1.001804315814351,0.3225806451612903,0.3325526932084309,0.3275666691848606,None,None,1.0,None,None,1.0
Feldman-SVM-DIavgall,lambda=0.95,6,0.6789883268482491,0.518918918918919,0.8099027409372237,0.6644108299280713,0.3458128453060684,0.8703459335624284,0.8703459335624284,0.9551108467182232,0.712,0.6716240333135038,0.6918120166567518,1.060116917626218,1.060116917626218,1.0403759666864962,1.0403759666864962,0.6909090909090909,0.6549192364170338,0.6729141636630623,1.0549531186302488,1.0549531186302488,1.0359898544920572,1.0359898544920572,0.6877887788778878,0.6543438077634011,0.6710662933206444,None,None,1.0,None,None,1.0,0.5206611570247934,0.5186567164179104,0.519658936721352,1.0038646768535586,1.0038646768535586,1.0020044406068829,1.0020044406068829,0.5945945945945946,0.32432432432432434,0.4594594594594595,1.8333333333333333,1.8333333333333333,1.2702702702702702,1.2702702702702702,0.576437587657784,0.32547169811320753,0.45095464288549575,None,None,1.0,None,None,1.0,0.8031496062992126,0.8118586088939567,0.8075041075965846,0.9892727594443953,0.9892727594443953,0.991290997405256,0.991290997405256,0.7813822284908322,0.8578199052132701,0.8196010668520511,0.9108930950915226,0.9108930950915226,0.923562323277562,0.923562323277562,0.786783042394015,0.8662613981762918,0.8265222202851534,None,None,1.0,None,None,1.0,0.19685039370078738,0.18814139110604333,0.19249589240341536,1.0462896683369123,1.0462896683369123,1.008709002594744,1.008709002594744,0.21861777150916784,0.14218009478672988,0.18039893314794886,1.5376116596144802,1.5376116596144802,1.076437676722438,1.076437676722438,0.21321695760598502,0.13373860182370823,0.17347777971484662,None,None,1.0,None,None,1.0,0.47933884297520657,0.48134328358208955,0.48034106327864806,0.9958357357934524,0.9958357357934524,0.997995559393117,0.997995559393117,0.4054054054054054,0.6756756756756757,0.5405405405405406,0.6,0.6,0.7297297297297297,0.7297297297297297,0.42356241234221603,0.6745283018867925,0.5490453571145042,None,None,1.0,None,None,1.0,0.5575221238938053,0.7164948453608248,0.637008484627315,0.7781244031323613,0.7781244031323613,0.8410272785329805,0.8410272785329805,0.7186932849364791,0.5833333333333334,0.6510133091349062,1.2320456313196784,1.2320456313196784,1.1353599516031458,1.1353599516031458,0.7061855670103093,0.6106194690265486,0.658402518018429,None,None,1.0,None,None,1.0,0.22137404580152673,0.3521383075523203,0.2867561766769235,0.6286565279996844,0.6286565279996844,0.8692357382492064,0.8692357382492064,0.3276699029126214,0.3258845437616387,0.32677722333713005,1.005478502080444,1.005478502080444,1.0017853591509827,1.0017853591509827,0.3236870310825295,0.3341121495327103,0.3288995903076199,None,None,1.0,None,None,1.0
Feldman-SVM-DIavgall,lambda=1.0,6,0.6789883268482491,0.518918918918919,0.8099027409372237,0.6644108299280713,0.3458128453060684,0.8703459335624284,0.8703459335624284,0.9551108467182232,0.712,0.6716240333135038,0.6918120166567518,1.060116917626218,1.060116917626218,1.0403759666864962,1.0403759666864962,0.6909090909090909,0.6549192364170338,0.6729141636630623,1.0549531186302488,1.0549531186302488,1.0359898544920572,1.0359898544920572,0.6877887788778878,0.6543438077634011,0.6710662933206444,None,None,1.0,None,None,1.0,0.5206611570247934,0.5186567164179104,0.519658936721352,1.0038646768535586,1.0038646768535586,1.0020044406068829,1.0020044406068829,0.5945945945945946,0.32432432432432434,0.4594594594594595,1.8333333333333333,1.8333333333333333,1.2702702702702702,1.2702702702702702,0.576437587657784,0.32547169811320753,0.45095464288549575,None,None,1.0,None,None,1.0,0.8031496062992126,0.8118586088939567,0.8075041075965846,0.9892727594443953,0.9892727594443953,0.991290997405256,0.991290997405256,0.7813822284908322,0.8578199052132701,0.8196010668520511,0.9108930950915226,0.9108930950915226,0.923562323277562,0.923562323277562,0.786783042394015,0.8662613981762918,0.8265222202851534,None,None,1.0,None,None,1.0,0.19685039370078738,0.18814139110604333,0.19249589240341536,1.0462896683369123,1.0462896683369123,1.008709002594744,1.008709002594744,0.21861777150916784,0.14218009478672988,0.18039893314794886,1.5376116596144802,1.5376116596144802,1.076437676722438,1.076437676722438,0.21321695760598502,0.13373860182370823,0.17347777971484662,None,None,1.0,None,None,1.0,0.47933884297520657,0.48134328358208955,0.48034106327864806,0.9958357357934524,0.9958357357934524,0.997995559393117,0.997995559393117,0.4054054054054054,0.6756756756756757,0.5405405405405406,0.6,0.6,0.7297297297297297,0.7297297297297297,0.42356241234221603,0.6745283018867925,0.5490453571145042,None,None,1.0,None,None,1.0,0.5575221238938053,0.7164948453608248,0.637008484627315,0.7781244031323613,0.7781244031323613,0.8410272785329805,0.8410272785329805,0.7186932849364791,0.5833333333333334,0.6510133091349062,1.2320456313196784,1.2320456313196784,1.1353599516031458,1.1353599516031458,0.7061855670103093,0.6106194690265486,0.658402518018429,None,None,1.0,None,None,1.0,0.22137404580152673,0.3521383075523203,0.2867561766769235,0.6286565279996844,0.6286565279996844,0.8692357382492064,0.8692357382492064,0.3276699029126214,0.3258845437616387,0.32677722333713005,1.005478502080444,1.005478502080444,1.0017853591509827,1.0017853591509827,0.3236870310825295,0.3341121495327103,0.3288995903076199,None,None,1.0,None,None,1.0
Feldman-SVM-DIavgall,lambda=0.0,7,0.6775291828793775,0.5664187035069076,0.7713004484304933,0.6688595759687004,0.3460709936497677,0.616516579083424,0.616516579083424,0.8420011827020291,0.6951871657754011,0.6736028537455411,0.6843950097604711,1.0320430828192626,1.0320430828192626,1.02158431202986,1.02158431202986,0.6847110460863204,0.6632801161103048,0.6739955810983126,1.032310526812855,1.032310526812855,1.0214309299760156,1.0214309299760156,0.6815789473684211,0.6660447761194029,0.6738118617439119,None,None,1.0,None,None,1.0,0.42962962962962964,0.5893300248138957,0.5094798272217627,0.7290136452241716,0.7290136452241716,0.8402996048157338,0.8402996048157338,0.6339677891654466,0.3875968992248062,0.5107823441951265,1.6356368960468521,1.6356368960468521,1.2463708899406405,1.2463708899406405,0.6035182679296346,0.4306930693069307,0.5171056686182827,None,None,1.0,None,None,1.0,0.8451882845188284,0.7511415525114156,0.7981649185151221,1.1252050717910238,1.1252050717910238,1.094046732007413,1.094046732007413,0.7353801169590644,0.8283062645011601,0.7818431907301122,0.8878118498861534,0.8878118498861534,0.9070738524579043,0.9070738524579043,0.7554417413572343,0.8083832335329342,0.7819124874450842,None,None,1.0,None,None,1.0,0.15481171548117156,0.24885844748858443,0.201835081484878,0.6220874438601207,0.6220874438601207,0.9059532679925871,0.9059532679925871,0.26461988304093564,0.17169373549883993,0.21815680926988779,1.5412320214951791,1.5412320214951791,1.0929261475420957,1.0929261475420957,0.2445582586427657,0.19161676646706582,0.21808751255491576,None,None,1.0,None,None,1.0,0.5703703703703704,0.41066997518610426,0.49052017277823734,1.3888776994517176,1.3888776994517176,1.1597003951842662,1.1597003951842662,0.3660322108345534,0.6124031007751938,0.4892176558048736,0.5976981670589543,0.5976981670589543,0.7536291100593596,0.7536291100593596,0.3964817320703654,0.5693069306930694,0.4828943313817174,None,None,1.0,None,None,1.0,0.6105263157894737,0.6854256854256854,0.6479760006075795,0.8907257617728532,0.8907257617728532,0.9251006303637883,0.9251006303637883,0.7052117263843648,0.5747126436781609,0.6399621850312629,1.227068403908795,1.227068403908795,1.130499082706204,1.130499082706204,0.7001569858712716,0.5761589403973509,0.6381579631343113,None,None,1.0,None,None,1.0,0.27598566308243727,0.3346814964610718,0.30533357977175457,0.8246218150710889,0.8246218150710889,0.9413041666213655,0.9413041666213655,0.33200531208499334,0.3067961165048544,0.3194007142949239,1.0821692134415921,1.0821692134415921,1.025209195580139,1.025209195580139,0.3318233295583239,0.2987012987012987,0.3152623141298113,None,None,1.0,None,None,1.0
Feldman-SVM-DIavgall,lambda=0.05,7,0.6775291828793775,0.5664187035069076,0.7713004484304933,0.6688595759687004,0.3460709936497677,0.616516579083424,0.616516579083424,0.8420011827020291,0.6951871657754011,0.6736028537455411,0.6843950097604711,1.0320430828192626,1.0320430828192626,1.02158431202986,1.02158431202986,0.6847110460863204,0.6632801161103048,0.6739955810983126,1.032310526812855,1.032310526812855,1.0214309299760156,1.0214309299760156,0.6815789473684211,0.6660447761194029,0.6738118617439119,None,None,1.0,None,None,1.0,0.42962962962962964,0.5893300248138957,0.5094798272217627,0.7290136452241716,0.7290136452241716,0.8402996048157338,0.8402996048157338,0.6339677891654466,0.3875968992248062,0.5107823441951265,1.6356368960468521,1.6356368960468521,1.2463708899406405,1.2463708899406405,0.6035182679296346,0.4306930693069307,0.5171056686182827,None,None,1.0,None,None,1.0,0.8451882845188284,0.7511415525114156,0.7981649185151221,1.1252050717910238,1.1252050717910238,1.094046732007413,1.094046732007413,0.7353801169590644,0.8283062645011601,0.7818431907301122,0.8878118498861534,0.8878118498861534,0.9070738524579043,0.9070738524579043,0.7554417413572343,0.8083832335329342,0.7819124874450842,None,None,1.0,None,None,1.0,0.15481171548117156,0.24885844748858443,0.201835081484878,0.6220874438601207,0.6220874438601207,0.9059532679925871,0.9059532679925871,0.26461988304093564,0.17169373549883993,0.21815680926988779,1.5412320214951791,1.5412320214951791,1.0929261475420957,1.0929261475420957,0.2445582586427657,0.19161676646706582,0.21808751255491576,None,None,1.0,None,None,1.0,0.5703703703703704,0.41066997518610426,0.49052017277823734,1.3888776994517176,1.3888776994517176,1.1597003951842662,1.1597003951842662,0.3660322108345534,0.6124031007751938,0.4892176558048736,0.5976981670589543,0.5976981670589543,0.7536291100593596,0.7536291100593596,0.3964817320703654,0.5693069306930694,0.4828943313817174,None,None,1.0,None,None,1.0,0.6105263157894737,0.6854256854256854,0.6479760006075795,0.8907257617728532,0.8907257617728532,0.9251006303637883,0.9251006303637883,0.7052117263843648,0.5747126436781609,0.6399621850312629,1.227068403908795,1.227068403908795,1.130499082706204,1.130499082706204,0.7001569858712716,0.5761589403973509,0.6381579631343113,None,None,1.0,None,None,1.0,0.27598566308243727,0.3346814964610718,0.30533357977175457,0.8246218150710889,0.8246218150710889,0.9413041666213655,0.9413041666213655,0.33200531208499334,0.3067961165048544,0.3194007142949239,1.0821692134415921,1.0821692134415921,1.025209195580139,1.025209195580139,0.3318233295583239,0.2987012987012987,0.3152623141298113,None,None,1.0,None,None,1.0
Feldman-SVM-DIavgall,lambda=0.1,7,0.6780155642023347,0.5664187035069076,0.7721973094170403,0.669308006461974,0.3470735835547527,0.6174074989953943,0.6174074989953943,0.8425957130230755,0.6951871657754011,0.6741973840665874,0.6846922749209943,1.0311329919173058,1.0311329919173058,1.0209897817088138,1.0209897817088138,0.6854425749817118,0.6632801161103048,0.6743613455460082,1.0334134226748346,1.0334134226748346,1.0221624588714069,1.0221624588714069,0.6822368421052631,0.6660447761194029,0.6741408091123331,None,None,1.0,None,None,1.0,0.42962962962962964,0.5893300248138957,0.5094798272217627,0.7290136452241716,0.7290136452241716,0.8402996048157338,0.8402996048157338,0.6339677891654466,0.3875968992248062,0.5107823441951265,1.6356368960468521,1.6356368960468521,1.2463708899406405,1.2463708899406405,0.6035182679296346,0.4306930693069307,0.5171056686182827,None,None,1.0,None,None,1.0,0.8451882845188284,0.752283105022831,0.7987356947708297,1.1234976285864853,1.1234976285864853,1.0929051794959974,1.0929051794959974,0.7368421052631579,0.8283062645011601,0.782574184882159,0.8895768833849329,0.8895768833849329,0.9085358407619978,0.9085358407619978,0.7567221510883483,0.8083832335329342,0.7825526923106412,None,None,1.0,None,None,1.0,0.15481171548117156,0.24771689497716898,0.20126430522917027,0.6249542062742225,0.6249542062742225,0.9070948205040026,0.9070948205040026,0.26315789473684215,0.17169373549883993,0.21742581511784104,1.5327169274537695,1.5327169274537695,1.091464159238002,1.091464159238002,0.24327784891165172,0.19161676646706582,0.21744730768935877,None,None,1.0,None,None,1.0,0.5703703703703704,0.41066997518610426,0.49052017277823734,1.3888776994517176,1.3888776994517176,1.1597003951842662,1.1597003951842662,0.3660322108345534,0.6124031007751938,0.4892176558048736,0.5976981670589543,0.5976981670589543,0.7536291100593596,0.7536291100593596,0.3964817320703654,0.5693069306930694,0.4828943313817174,None,None,1.0,None,None,1.0,0.6105263157894737,0.6864161849710982,0.648471250380286,0.8894404432132964,0.8894404432132964,0.9241101308183755,0.9241101308183755,0.7063621533442088,0.5747126436781609,0.6405373985111849,1.2290701468189233,1.2290701468189233,1.131649509666048,1.131649509666048,0.7012578616352201,0.5761589403973509,0.6387084010162856,None,None,1.0,None,None,1.0,0.27598566308243727,0.33434343434343433,0.3051645487129358,0.8254556086151448,0.8254556086151448,0.9416422287390029,0.9416422287390029,0.33156498673740054,0.3067961165048544,0.31918055162112746,1.0807339757579828,1.0807339757579828,1.0247688702325461,1.0247688702325461,0.33144796380090497,0.2987012987012987,0.3150746312511018,None,None,1.0,None,None,1.0
Feldman-SVM-DIavgall,lambda=0.15,7,0.6780155642023347,0.5674814027630181,0.7713004484304933,0.6693909255967556,0.3470767907980236,0.6156282266639954,0.6156282266639954,0.8414066523809827,0.6951871657754011,0.6741973840665874,0.6846922749209943,1.0311329919173058,1.0311329919173058,1.0209897817088138,1.0209897817088138,0.6854425749817118,0.6632801161103048,0.6743613455460082,1.0334134226748346,1.0334134226748346,1.0221624588714069,1.0221624588714069,0.6822368421052631,0.6660447761194029,0.6741408091123331,None,None,1.0,None,None,1.0,0.42962962962962964,0.5905707196029777,0.5101001746163036,0.7274821039526922,0.7274821039526922,0.8390589100266519,0.8390589100266519,0.6339677891654466,0.39147286821705424,0.5127203286912504,1.6194424713335172,1.6194424713335172,1.2424949209483924,1.2424949209483924,0.6035182679296346,0.43564356435643564,0.5195809161430351,None,None,1.0,None,None,1.0,0.8451882845188284,0.7511415525114156,0.7981649185151221,1.1252050717910238,1.1252050717910238,1.094046732007413,1.094046732007413,0.7368421052631579,0.8259860788863109,0.7814140920747343,0.8920756948551153,0.8920756948551153,0.9108560263768469,0.9108560263768469,0.7567221510883483,0.8053892215568862,0.7810556863226172,None,None,1.0,None,None,1.0,0.15481171548117156,0.24885844748858443,0.201835081484878,0.6220874438601207,0.6220874438601207,0.9059532679925871,0.9059532679925871,0.26315789473684215,0.17401392111368907,0.2185859079252656,1.5122807017543864,1.5122807017543864,1.0891439736231532,1.0891439736231532,0.24327784891165172,0.1946107784431138,0.21894431367738276,None,None,1.0,None,None,1.0,0.5703703703703704,0.4094292803970223,0.48989982538369636,1.3930864197530866,1.3930864197530866,1.160941089973348,1.160941089973348,0.3660322108345534,0.6085271317829457,0.48727967130874955,0.6015051617535974,0.6015051617535974,0.7575050790516077,0.7575050790516077,0.3964817320703654,0.5643564356435644,0.4804190838569649,None,None,1.0,None,None,1.0,0.6105263157894737,0.6858789625360231,0.6482026391627485,0.8901371074745688,0.8901371074745688,0.9246473532534506,0.9246473532534506,0.7063621533442088,0.5738636363636364,0.6401128948539225,1.2308885048374332,1.2308885048374332,1.1324985169805726,1.1324985169805726,0.7012578616352201,0.5751633986928104,0.6382106301640152,None,None,1.0,None,None,1.0,0.27598566308243727,0.3340080971659919,0.30499688012421455,0.826284348864994,0.826284348864994,0.9419775659164453,0.9419775659164453,0.33156498673740054,0.3060428849902534,0.31880393586382694,1.0833938738616973,1.0833938738616973,1.0255221017471472,1.0255221017471472,0.33144796380090497,0.29765013054830286,0.3145490471746039,None,None,1.0,None,None,1.0
Feldman-SVM-DIavgall,lambda=0.2,7,0.6794747081712063,0.5621679064824655,0.7784753363228699,0.6703216214026677,0.3501032790778039,0.6273803073492112,0.6273803073492112,0.8491355465545856,0.7005347593582888,0.6747919143876338,0.6876633368729612,1.0381493085820632,1.0381493085820632,1.025742844970655,1.025742844970655,0.6883686905632772,0.6618287373004355,0.6750987139318563,1.0401009381537236,1.0401009381537236,1.0265399532628416,1.0265399532628416,0.6848684210526316,0.664179104477612,0.6745237627651217,None,None,1.0,None,None,1.0,0.43703703703703706,0.5831265508684863,0.5100817939527617,0.7494720252167062,0.7494720252167062,0.8539104861685507,0.8539104861685507,0.6281112737920937,0.3875968992248062,0.50785408650845,1.6205270863836019,1.6205270863836019,1.2405143745672875,1.2405143745672875,0.5994587280108254,0.42574257425742573,0.5126006511341256,None,None,1.0,None,None,1.0,0.8493723849372385,0.7591324200913242,0.8042524025142814,1.1188724950451443,1.1188724950451443,1.0902399648459142,1.0902399648459142,0.7485380116959064,0.8259860788863109,0.7872620452911087,0.9062356265194822,0.9062356265194822,0.9225519328095955,0.9225519328095955,0.765685019206146,0.8083832335329342,0.7870341263695401,None,None,1.0,None,None,1.0,0.15062761506276146,0.2408675799086758,0.19574759748571863,0.6253544587439764,0.6253544587439764,0.9097600351540857,0.9097600351540857,0.2514619883040936,0.17401392111368907,0.21273795470889134,1.445068226120858,1.445068226120858,1.0774480671904045,1.0774480671904045,0.23431498079385404,0.19161676646706582,0.21296587363045993,None,None,1.0,None,None,1.0,0.5629629629629629,0.4168734491315137,0.4899182060472383,1.3504409171075835,1.3504409171075835,1.1460895138314493,1.1460895138314493,0.37188872620790625,0.6124031007751938,0.49214591349155,0.6072613377318976,0.6072613377318976,0.7594856254327125,0.7594856254327125,0.40054127198917455,0.5742574257425743,0.48739934886587444,None,None,1.0,None,None,1.0,0.6210526315789474,0.6901615271659325,0.65560707937244,0.8998656215005599,0.8998656215005599,0.9308911044130149,0.9308911044130149,0.7138103161397671,0.5714285714285714,0.6426194437841692,1.2491680532445926,1.2491680532445926,1.1423817447111957,1.1423817447111957,0.707667731629393,0.5733333333333334,0.6405005324813632,None,None,1.0,None,None,1.0,0.2724014336917563,0.3356643356643357,0.304032884678046,0.8115292712066906,0.8115292712066906,0.9367370980274206,0.9367370980274206,0.33159268929503916,0.30739299610894943,0.3194928427019943,1.0787255841623424,1.0787255841623424,1.0241996931860897,1.0241996931860897,0.33109619686800895,0.3005181347150259,0.31580716579151746,None,None,1.0,None,None,1.0
Feldman-SVM-DIavgall,lambda=0.25,7,0.6799610894941635,0.563230605738576,0.7784753363228699,0.6708529710307229,0.35110660118620096,0.6264603948750922,0.6264603948750922,0.8485410162335392,0.7005347593582888,0.6753864447086801,0.6879606020334845,1.0372354447540861,1.0372354447540861,1.0251483146496088,1.0251483146496088,0.6883686905632772,0.6632801161103048,0.6758244033367911,1.0378250061227527,1.0378250061227527,1.0250885744529725,1.0250885744529725,0.6848684210526316,0.6660447761194029,0.6754565985860173,None,None,1.0,None,None,1.0,0.43703703703703706,0.5843672456575683,0.5107021413473026,0.7478807894943776,0.7478807894943776,0.8526697913794687,0.8526697913794687,0.6281112737920937,0.39147286821705424,0.509792071004574,1.6044822637461407,1.6044822637461407,1.2366384055750395,1.2366384055750395,0.5994587280108254,0.4306930693069307,0.515075898658878,None,None,1.0,None,None,1.0,0.8493723849372385,0.7591324200913242,0.8042524025142814,1.1188724950451443,1.1188724950451443,1.0902399648459142,1.0902399648459142,0.7485380116959064,0.8259860788863109,0.7872620452911087,0.9062356265194822,0.9062356265194822,0.9225519328095955,0.9225519328095955,0.765685019206146,0.8083832335329342,0.7870341263695401,None,None,1.0,None,None,1.0,0.15062761506276146,0.2408675799086758,0.19574759748571863,0.6253544587439764,0.6253544587439764,0.9097600351540857,0.9097600351540857,0.2514619883040936,0.17401392111368907,0.21273795470889134,1.445068226120858,1.445068226120858,1.0774480671904045,1.0774480671904045,0.23431498079385404,0.19161676646706582,0.21296587363045993,None,None,1.0,None,None,1.0,0.5629629629629629,0.41563275434243174,0.4892978586526973,1.3544720840243227,1.3544720840243227,1.1473302086205313,1.1473302086205313,0.37188872620790625,0.6085271317829457,0.490207928995426,0.6111292443416549,0.6111292443416549,0.7633615944249605,0.7633615944249605,0.40054127198917455,0.5693069306930694,0.48492410134112196,None,None,1.0,None,None,1.0,0.6210526315789474,0.6906158357771262,0.6558342336780367,0.8992736618616605,0.8992736618616605,0.9304367958018213,0.9304367958018213,0.7138103161397671,0.5738636363636364,0.6438369762517018,1.2438674815900892,1.2438674815900892,1.1399466797761306,1.1399466797761306,0.707667731629393,0.5761589403973509,0.641913336013372,None,None,1.0,None,None,1.0,0.2724014336917563,0.335,0.3037007168458782,0.8131386080350933,0.8131386080350933,0.9374014336917562,0.9374014336917562,0.33159268929503916,0.3060428849902534,0.3188177871426463,1.0834843924099051,1.0834843924099051,1.0255498043047857,1.0255498043047857,0.33109619686800895,0.2987012987012987,0.3148987477846538,None,None,1.0,None,None,1.0
Feldman-SVM-DIavgall,lambda=0.3,7,0.6848249027237354,0.5611052072263549,0.7892376681614349,0.6751714376938949,0.36129670765741706,0.647291327598233,0.647291327598233,0.8601327678406786,0.7032085561497327,0.6807372175980975,0.691972886873915,1.0330102982042362,1.0330102982042362,1.022471338551635,1.022471338551635,0.6920263350402341,0.6705370101596516,0.6812816725999429,1.032047932560003,1.032047932560003,1.0214893248805825,1.0214893248805825,0.6894736842105263,0.6716417910447762,0.6805577376276513,None,None,1.0,None,None,1.0,0.4444444444444444,0.5806451612903226,0.5125448028673836,0.7654320987654321,0.7654320987654321,0.8637992831541218,0.8637992831541218,0.6251830161054173,0.39147286821705424,0.5083279421612358,1.5970021599524522,1.5970021599524522,1.233710147888363,1.233710147888363,0.5981055480378891,0.42574257425742573,0.5119240611476574,None,None,1.0,None,None,1.0,0.8493723849372385,0.7728310502283106,0.8111017175827746,1.099040190849366,1.099040190849366,1.0765413347089279,1.0765413347089279,0.7587719298245614,0.8375870069605569,0.7981794683925592,0.9059022209262769,0.9059022209262769,0.9211849228640046,0.9211849228640046,0.7759282970550576,0.8203592814371258,0.7981437892460916,None,None,1.0,None,None,1.0,0.15062761506276146,0.22716894977168944,0.18889828241722545,0.6630642753516536,0.6630642753516536,0.923458665291072,0.923458665291072,0.24122807017543857,0.16241299303944312,0.20182053160744085,1.4852756892230579,1.4852756892230579,1.0788150771359954,1.0788150771359954,0.22407170294494239,0.17964071856287422,0.2018562107539083,None,None,1.0,None,None,1.0,0.5555555555555556,0.4193548387096774,0.4874551971326165,1.324786324786325,1.324786324786325,1.1362007168458783,1.1362007168458783,0.37481698389458273,0.6085271317829457,0.4916720578387642,0.6159412856356837,0.6159412856356837,0.766289852111637,0.766289852111637,0.40189445196211093,0.5742574257425743,0.48807593885234263,None,None,1.0,None,None,1.0,0.625,0.7016491754122939,0.6633245877061469,0.890758547008547,0.890758547008547,0.9233508245877061,0.9233508245877061,0.7212837837837838,0.5906432748538012,0.6559635293187924,1.2211834359111586,1.2211834359111586,1.1306405089299827,1.1306405089299827,0.7163695299837926,0.589041095890411,0.6527053129371018,None,None,1.0,None,None,1.0,0.2697841726618705,0.3330049261083744,0.30139454938512245,0.8101506960112382,0.8101506960112382,0.9367792465534961,0.9367792465534961,0.3303225806451613,0.3030888030888031,0.31670569186698216,1.0898541195808507,1.0898541195808507,1.0272337775563583,1.0272337775563583,0.3289036544850498,0.29743589743589743,0.31316977596047363,None,None,1.0,None,None,1.0
Feldman-SVM-DIavgall,lambda=0.35,7,0.6857976653696498,0.5621679064824655,0.7901345291479821,0.6761512178152238,0.36331753557733665,0.647291327598233,0.647291327598233,0.8601327678406786,0.7032085561497327,0.6819262782401903,0.6925674171949614,1.0312090596720578,1.0312090596720578,1.0212822779095423,1.0212822779095423,0.6934893928310168,0.6705370101596516,0.6820132014953342,1.0342298520791573,1.0342298520791573,1.0229523826713653,1.0229523826713653,0.6907894736842105,0.6716417910447762,0.6812156323644933,None,None,1.0,None,None,1.0,0.4444444444444444,0.5818858560794045,0.5131651502619244,0.7638000473821369,0.7638000473821369,0.86255858836504,0.86255858836504,0.6266471449487555,0.39147286821705424,0.5090600065829048,1.6007422118492964,1.6007422118492964,1.2351742767317013,1.2351742767317013,0.5994587280108254,0.42574257425742573,0.5126006511341256,None,None,1.0,None,None,1.0,0.8493723849372385,0.773972602739726,0.8116724938384823,1.097419187618025,1.097419187618025,1.0753997821975125,1.0753997821975125,0.7602339181286549,0.8375870069605569,0.798910462544606,0.9076476972671752,0.9076476972671752,0.922646911168098,0.922646911168098,0.7772087067861716,0.8203592814371258,0.7987839941116487,None,None,1.0,None,None,1.0,0.15062761506276146,0.226027397260274,0.18832750616151772,0.6664130848231264,0.6664130848231264,0.9246002178024875,0.9246002178024875,0.23976608187134507,0.16241299303944312,0.2010895374553941,1.4762740183792822,1.4762740183792822,1.0773530888319018,1.0773530888319018,0.2227912932138284,0.17964071856287422,0.2012160058883513,None,None,1.0,None,None,1.0,0.5555555555555556,0.41811414392059554,0.48683484973807556,1.3287174414770855,1.3287174414770855,1.13744141163496,1.13744141163496,0.3733528550512445,0.6085271317829457,0.4909399934170951,0.6135352649886693,0.6135352649886693,0.7648257232682988,0.7648257232682988,0.40054127198917455,0.5742574257425743,0.48739934886587444,None,None,1.0,None,None,1.0,0.625,0.7031484257871065,0.6640742128935533,0.8888592750533049,0.8888592750533049,0.9218515742128935,0.9218515742128935,0.722972972972973,0.5906432748538012,0.6568081239133872,1.224043350280974,1.224043350280974,1.1323296981191717,1.1323296981191717,0.7179902755267423,0.589041095890411,0.6535156857085767,None,None,1.0,None,None,1.0,0.2697841726618705,0.33201970443349754,0.300901938547684,0.8125547040112716,0.8125547040112716,0.937764468228373,0.937764468228373,0.32903225806451614,0.3030888030888031,0.3160605305766596,1.0855968769262379,1.0855968769262379,1.025943454975713,1.025943454975713,0.327796234772979,0.29743589743589743,0.3126160661044382,None,None,1.0,None,None,1.0
Feldman-SVM-DIavgall,lambda=0.4,7,0.6833657587548638,0.5621679064824655,0.7856502242152467,0.6739090653488561,0.3582167757707985,0.6501350845174813,0.6501350845174813,0.860428443347937,0.7005347593582888,0.6795481569560048,0.6900414581571468,1.0308831716891003,1.0308831716891003,1.020986602402284,1.020986602402284,0.6912948061448427,0.6676342525399129,0.6794645293423778,1.035439394421297,1.035439394421297,1.02366055360493,1.02366055360493,0.6881578947368421,0.6697761194029851,0.6789670070699136,None,None,1.0,None,None,1.0,0.4444444444444444,0.5818858560794045,0.5131651502619244,0.7638000473821369,0.7638000473821369,0.86255858836504,0.86255858836504,0.6266471449487555,0.39147286821705424,0.5090600065829048,1.6007422118492964,1.6007422118492964,1.2351742767317013,1.2351742767317013,0.5994587280108254,0.42574257425742573,0.5126006511341256,None,None,1.0,None,None,1.0,0.8451882845188284,0.769406392694064,0.8072973386064461,1.0984939721639373,1.0984939721639373,1.0757818918247644,1.0757818918247644,0.7558479532163743,0.8329466357308585,0.7943972944736164,0.9074386290703547,0.9074386290703547,0.9229013174855158,0.9229013174855158,0.7720870678617158,0.8173652694610778,0.7947261686613968,None,None,1.0,None,None,1.0,0.15481171548117156,0.23059360730593603,0.1927026613935538,0.6713616968391402,0.6713616968391402,0.9242181081752355,0.9242181081752355,0.24415204678362568,0.16705336426914152,0.2056027055263836,1.4615212800519815,1.4615212800519815,1.0770986825144842,1.0770986825144842,0.22791293213828423,0.1826347305389222,0.20527383133860322,None,None,1.0,None,None,1.0,0.5555555555555556,0.41811414392059554,0.48683484973807556,1.3287174414770855,1.3287174414770855,1.13744141163496,1.13744141163496,0.3733528550512445,0.6085271317829457,0.4909399934170951,0.6135352649886693,0.6135352649886693,0.7648257232682988,0.7648257232682988,0.40054127198917455,0.5742574257425743,0.48739934886587444,None,None,1.0,None,None,1.0,0.6185567010309279,0.698956780923994,0.658756740977461,0.8849713142681291,0.8849713142681291,0.9195999201069338,0.9195999201069338,0.719327731092437,0.5838150289017341,0.6515713799970855,1.2321158166236792,1.2321158166236792,1.1355127021907028,1.1355127021907028,0.7133655394524959,0.5850340136054422,0.649199776528969,None,None,1.0,None,None,1.0,0.27075812274368233,0.3333333333333333,0.3020457280385078,0.812274368231047,0.812274368231047,0.937424789410349,0.937424789410349,0.33031088082901555,0.30426356589147285,0.3172872233602442,1.0856077357182932,1.0856077357182932,1.0260473149375426,1.0260473149375426,0.3292547274749722,0.2982005141388175,0.31372762080689487,None,None,1.0,None,None,1.0
Feldman-SVM-DIavgall,lambda=0.45,7,0.6833657587548638,0.5621679064824655,0.7856502242152467,0.6739090653488561,0.3582167757707985,0.6424751718869367,0.6424751718869367,0.8571601162354467,0.7032085561497327,0.6789536266349584,0.6910810913923455,1.0357239855024958,1.0357239855024958,1.0242549295147743,1.0242549295147743,0.68983174835406,0.6705370101596516,0.6801843792568558,1.0287750532812714,1.0287750532812714,1.0192947381944084,1.0192947381944084,0.6875,0.6716417910447762,0.679570895522388,None,None,1.0,None,None,1.0,0.4444444444444444,0.5818858560794045,0.5131651502619244,0.7638000473821369,0.7638000473821369,0.86255858836504,0.86255858836504,0.6251830161054173,0.3953488372093023,0.5102659266573598,1.5813452760313496,1.5813452760313496,1.229834178896115,1.229834178896115,0.5981055480378891,0.4306930693069307,0.5143993086724099,None,None,1.0,None,None,1.0,0.8493723849372385,0.7682648401826484,0.8088186125599435,1.105572376233315,1.105572376233315,1.0811075447545901,1.0811075447545901,0.7543859649122807,0.8352668213457076,0.7948263931289942,0.9031676413255361,0.9031676413255361,0.9191191435665731,0.9191191435665731,0.7720870678617158,0.8173652694610778,0.7947261686613968,None,None,1.0,None,None,1.0,0.15062761506276146,0.2317351598173516,0.19118138744005653,0.6499989694333943,0.6499989694333943,0.9188924552454099,0.9188924552454099,0.24561403508771928,0.16473317865429238,0.20517360687100583,1.4909809735606618,1.4909809735606618,1.080880856433427,1.080880856433427,0.22791293213828423,0.1826347305389222,0.20527383133860322,None,None,1.0,None,None,1.0,0.5555555555555556,0.41811414392059554,0.48683484973807556,1.3287174414770855,1.3287174414770855,1.13744141163496,1.13744141163496,0.37481698389458273,0.6046511627906976,0.4897340733426402,0.6198896272102715,0.6198896272102715,0.7701658211038851,0.7701658211038851,0.40189445196211093,0.5693069306930694,0.48560069132759015,None,None,1.0,None,None,1.0,0.625,0.6979166666666666,0.6614583333333333,0.8955223880597015,0.8955223880597015,0.9270833333333334,0.9270833333333334,0.7176470588235294,0.5895953757225434,0.6536212172730365,1.2171856978085351,1.2171856978085351,1.1280516831009861,1.1280516831009861,0.7129032258064516,0.5878378378378378,0.6503705318221447,None,None,1.0,None,None,1.0,0.2697841726618705,0.3336633663366337,0.30172376949925206,0.8085519714791963,0.8085519714791963,0.9361208063252369,0.9361208063252369,0.3316062176165803,0.3023255813953488,0.31696589950596454,1.0968513351933042,1.0968513351933042,1.0292806362212314,1.0292806362212314,0.33,0.2963917525773196,0.3131958762886598,None,None,1.0,None,None,1.0
Feldman-SVM-DIavgall,lambda=0.5,7,0.6828793774319066,0.5611052072263549,0.7856502242152467,0.6733777157208007,0.3572163899661954,0.6511054353898954,0.6511054353898954,0.8610229736689833,0.7005347593582888,0.6789536266349584,0.6897441929966236,1.0317858714891783,1.0317858714891783,1.0215811327233304,1.0215811327233304,0.6905632772494513,0.6676342525399129,0.6790987648946821,1.0343436913584172,1.0343436913584172,1.0229290247095384,1.0229290247095384,0.6868421052631579,0.6716417910447762,0.6792419481539671,None,None,1.0,None,None,1.0,0.4444444444444444,0.5806451612903226,0.5125448028673836,0.7654320987654321,0.7654320987654321,0.8637992831541218,0.8637992831541218,0.6251830161054173,0.39147286821705424,0.5083279421612358,1.5970021599524522,1.5970021599524522,1.233710147888363,1.233710147888363,0.5981055480378891,0.42574257425742573,0.5119240611476574,None,None,1.0,None,None,1.0,0.8451882845188284,0.769406392694064,0.8072973386064461,1.0984939721639373,1.0984939721639373,1.0757818918247644,1.0757818918247644,0.7558479532163743,0.8329466357308585,0.7943972944736164,0.9074386290703547,0.9074386290703547,0.9229013174855158,0.9229013174855158,0.7708066581306018,0.8203592814371258,0.7955829697838638,None,None,1.0,None,None,1.0,0.15481171548117156,0.23059360730593603,0.1927026613935538,0.6713616968391402,0.6713616968391402,0.9242181081752355,0.9242181081752355,0.24415204678362568,0.16705336426914152,0.2056027055263836,1.4615212800519815,1.4615212800519815,1.0770986825144842,1.0770986825144842,0.22919334186939821,0.17964071856287422,0.20441703021613622,None,None,1.0,None,None,1.0,0.5555555555555556,0.4193548387096774,0.4874551971326165,1.324786324786325,1.324786324786325,1.1362007168458783,1.1362007168458783,0.37481698389458273,0.6085271317829457,0.4916720578387642,0.6159412856356837,0.6159412856356837,0.766289852111637,0.766289852111637,0.40189445196211093,0.5742574257425743,0.48807593885234263,None,None,1.0,None,None,1.0,0.6185567010309279,0.6985074626865672,0.6585320818587475,0.8855405762622258,0.8855405762622258,0.9200492383443607,0.9200492383443607,0.7188552188552189,0.5838150289017341,0.6513351238784765,1.2313064639797313,1.2313064639797313,1.1350401899534848,1.1350401899534848,0.711755233494364,0.589041095890411,0.6503981646923875,None,None,1.0,None,None,1.0,0.27075812274368233,0.3339920948616601,0.3023751088026712,0.8106722491615577,0.8106722491615577,0.9367660278820222,0.9367660278820222,0.3311772315653299,0.30426356589147285,0.3177203987284014,1.0884551050172626,1.0884551050172626,1.0269136656738571,1.0269136656738571,0.3303670745272525,0.29743589743589743,0.31390148598157497,None,None,1.0,None,None,1.0
Feldman-SVM-DIavgall,lambda=0.55,7,0.6648832684824902,0.5855472901168969,0.7318385650224215,0.6586929275696591,0.32109733153503317,0.7392864991575708,0.7392864991575708,0.8868484806094095,0.6764705882352942,0.6623067776456599,0.669388682940477,1.021385573978245,1.021385573978245,1.0141638105896342,1.0141638105896342,0.6737381126554499,0.6473149492017417,0.6605265309285958,1.0408196404027017,1.0408196404027017,1.0264231634537082,1.0264231634537082,0.6717105263157894,0.6455223880597015,0.6586164571877455,None,None,1.0,None,None,1.0,0.4962962962962963,0.6004962779156328,0.5483962871059646,0.8264768901132538,0.8264768901132538,0.8958000183806636,0.8958000183806636,0.6530014641288433,0.4069767441860465,0.5299891041574449,1.604517883288015,1.604517883288015,1.2460247199427967,1.2460247199427967,0.6265223274695535,0.43564356435643564,0.5310829459129945,None,None,1.0,None,None,1.0,0.7782426778242678,0.7191780821917808,0.7487103800080244,1.0821279139270772,1.0821279139270772,1.0590645956324871,1.0590645956324871,0.6944444444444444,0.7911832946635731,0.7428138695540087,0.8777289019224503,0.8777289019224503,0.9032611497808714,0.9032611497808714,0.7144686299615877,0.7724550898203593,0.7434618598909735,None,None,1.0,None,None,1.0,0.22175732217573219,0.2808219178082192,0.2512896199919757,0.7896724155526073,0.7896724155526073,0.940935404367513,0.940935404367513,0.3055555555555556,0.20881670533642693,0.25718613044599126,1.4632716049382717,1.4632716049382717,1.0967388502191286,1.0967388502191286,0.28553137003841234,0.22754491017964074,0.25653814010902654,None,None,1.0,None,None,1.0,0.5037037037037038,0.39950372208436724,0.4516037128940355,1.2608235564757306,1.2608235564757306,1.1041999816193364,1.1041999816193364,0.3469985358711567,0.5930232558139534,0.47001089584255507,0.5851347859788133,0.5851347859788133,0.7539752800572033,0.7539752800572033,0.3734776725304465,0.5643564356435644,0.46891705408700546,None,None,1.0,None,None,1.0,0.5583333333333333,0.663013698630137,0.6106735159817351,0.8421143250688705,0.8421143250688705,0.8953196347031963,0.8953196347031963,0.6809160305343511,0.5384615384615384,0.6096887844979448,1.264558342420938,1.264558342420938,1.1424544920728126,1.1424544920728126,0.6749271137026239,0.5365853658536586,0.6057562397781413,None,None,1.0,None,None,1.0,0.2677165354330709,0.3382352941176471,0.302975914775359,0.7915097569325573,0.7915097569325573,0.9294812413154239,0.9294812413154239,0.33286516853932585,0.3097165991902834,0.32129088386480464,1.0747411324080194,1.0747411324080194,1.0231485693490425,1.0231485693490425,0.33093525179856115,0.3064516129032258,0.3186934323508935,None,None,1.0,None,None,1.0
Feldman-SVM-DIavgall,lambda=0.6,7,0.6653696498054474,0.5866099893730075,0.7318385650224215,0.6592242771977145,0.32211668697030543,0.73827516331741,0.73827516331741,0.8862539502883631,0.6764705882352942,0.6629013079667063,0.6696859481010002,1.0204695331047218,1.0204695331047218,1.0135692802685878,1.0135692802685878,0.6737381126554499,0.648766328011611,0.6612522203335305,1.038491184831331,1.038491184831331,1.0249717846438389,1.0249717846438389,0.6717105263157894,0.6473880597014925,0.659549293008641,None,None,1.0,None,None,1.0,0.4962962962962963,0.6017369727047146,0.5490166345005054,0.8247728140511646,0.8247728140511646,0.8945593235915816,0.8945593235915816,0.6530014641288433,0.4108527131782946,0.531927088653569,1.5893809221249204,1.5893809221249204,1.2421487509505487,1.2421487509505487,0.6265223274695535,0.4405940594059406,0.533558193437747,None,None,1.0,None,None,1.0,0.7782426778242678,0.7191780821917808,0.7487103800080244,1.0821279139270772,1.0821279139270772,1.0590645956324871,1.0590645956324871,0.6944444444444444,0.7911832946635731,0.7428138695540087,0.8777289019224503,0.8777289019224503,0.9032611497808714,0.9032611497808714,0.7144686299615877,0.7724550898203593,0.7434618598909735,None,None,1.0,None,None,1.0,0.22175732217573219,0.2808219178082192,0.2512896199919757,0.7896724155526073,0.7896724155526073,0.940935404367513,0.940935404367513,0.3055555555555556,0.20881670533642693,0.25718613044599126,1.4632716049382717,1.4632716049382717,1.0967388502191286,1.0967388502191286,0.28553137003841234,0.22754491017964074,0.25653814010902654,None,None,1.0,None,None,1.0,0.5037037037037038,0.3982630272952854,0.4509833654994946,1.2647513557170877,1.2647513557170877,1.1054406764084184,1.1054406764084184,0.3469985358711567,0.5891472868217054,0.46807291134643103,0.5889843569392003,0.5889843569392003,0.7578512490494513,0.7578512490494513,0.3734776725304465,0.5594059405940595,0.466441806562253,None,None,1.0,None,None,1.0,0.5583333333333333,0.6634746922024624,0.6109040127678979,0.8415292096219932,0.8415292096219932,0.894858641130871,0.894858641130871,0.6809160305343511,0.5408163265306123,0.6108661785324817,1.2590522828748378,1.2590522828748378,1.1400997040037388,1.1400997040037388,0.6749271137026239,0.5393939393939394,0.6071605265482817,None,None,1.0,None,None,1.0,0.2677165354330709,0.33753943217665616,0.30262798380486355,0.7931415115166679,0.7931415115166679,0.9301771032564148,0.9301771032564148,0.33286516853932585,0.30831643002028397,0.32059079927980494,1.0796218953282082,1.0796218953282082,1.024548738519042,1.024548738519042,0.33093525179856115,0.3045822102425876,0.3177587310205744,None,None,1.0,None,None,1.0
Feldman-SVM-DIavgall,lambda=0.65,7,0.6653696498054474,0.5876726886291179,0.7309417040358744,0.6593071963324961,0.3221738643368203,0.73626076996593,0.73626076996593,0.8850648896462703,0.6764705882352942,0.6629013079667063,0.6696859481010002,1.0204695331047218,1.0204695331047218,1.0135692802685878,1.0135692802685878,0.6744696415508412,0.6473149492017417,0.6608922953762915,1.041949737732129,1.041949737732129,1.0271546923490995,1.0271546923490995,0.6723684210526316,0.6455223880597015,0.6589454045561666,None,None,1.0,None,None,1.0,0.4962962962962963,0.6029776674937966,0.5496369818950464,0.8230757506477671,0.8230757506477671,0.8933186288024997,0.8933186288024997,0.6544655929721815,0.4108527131782946,0.532659153075238,1.5929445564794606,1.5929445564794606,1.243612879793887,1.243612879793887,0.6278755074424899,0.4405940594059406,0.5342347834242153,None,None,1.0,None,None,1.0,0.7782426778242678,0.7180365296803652,0.7481396037523165,1.083848308066866,1.083848308066866,1.0602061481439025,1.0602061481439025,0.6944444444444444,0.7888631090487239,0.7416537767465842,0.8803104575163399,0.8803104575163399,0.9055813353957205,0.9055813353957205,0.7144686299615877,0.7694610778443114,0.7419648539029495,None,None,1.0,None,None,1.0,0.22175732217573219,0.28196347031963476,0.25186039624768347,0.7864753612386289,0.7864753612386289,0.9397938518560974,0.9397938518560974,0.3055555555555556,0.21113689095127608,0.25834622325341583,1.4471916971916974,1.4471916971916974,1.0944186646042795,1.0944186646042795,0.28553137003841234,0.2305389221556886,0.25803514609705047,None,None,1.0,None,None,1.0,0.5037037037037038,0.39702233250620345,0.4503630181049536,1.2687037037037039,1.2687037037037039,1.1066813711975003,1.1066813711975003,0.34553440702781846,0.5891472868217054,0.4673408469247619,0.5864991908761656,0.5864991908761656,0.7563871202061131,0.7563871202061131,0.3721244925575101,0.5594059405940595,0.4657652165757848,None,None,1.0,None,None,1.0,0.5583333333333333,0.6630286493860846,0.610680991359709,0.8420953360768175,0.8420953360768175,0.8953046839472487,0.8953046839472487,0.6814024390243902,0.5380710659898477,0.6097367525071189,1.266380004601933,1.266380004601933,1.1433313730345427,1.1433313730345427,0.6754002911208151,0.536144578313253,0.6057724347170341,None,None,1.0,None,None,1.0,0.2677165354330709,0.33719704952581664,0.3024567924794438,0.7939468503937008,0.7939468503937008,0.9305194859072543,0.9305194859072543,0.3319268635724332,0.3089430894308943,0.32043497650166375,1.0743948478791916,1.0743948478791916,1.0229837741415388,1.0229837741415388,0.33013205282112845,0.3054054054054054,0.3177687291132669,None,None,1.0,None,None,1.0
Feldman-SVM-DIavgall,lambda=0.7,7,0.6653696498054474,0.5876726886291179,0.7309417040358744,0.6593071963324961,0.3221738643368203,0.73626076996593,0.73626076996593,0.8850648896462703,0.6764705882352942,0.6629013079667063,0.6696859481010002,1.0204695331047218,1.0204695331047218,1.0135692802685878,1.0135692802685878,0.6752011704462326,0.6458635703918723,0.6605323704190524,1.0454238346909086,1.0454238346909086,1.0293376000543604,1.0293376000543604,0.6730263157894737,0.6436567164179104,0.6583415161036921,None,None,1.0,None,None,1.0,0.4962962962962963,0.6029776674937966,0.5496369818950464,0.8230757506477671,0.8230757506477671,0.8933186288024997,0.8933186288024997,0.6559297218155198,0.4069767441860465,0.5314532330007832,1.6117130307467058,1.6117130307467058,1.2489529776294732,1.2489529776294732,0.6292286874154263,0.43564356435643564,0.5324361258859309,None,None,1.0,None,None,1.0,0.7782426778242678,0.7180365296803652,0.7481396037523165,1.083848308066866,1.083848308066866,1.0602061481439025,1.0602061481439025,0.6944444444444444,0.7888631090487239,0.7416537767465842,0.8803104575163399,0.8803104575163399,0.9055813353957205,0.9055813353957205,0.7144686299615877,0.7694610778443114,0.7419648539029495,None,None,1.0,None,None,1.0,0.22175732217573219,0.28196347031963476,0.25186039624768347,0.7864753612386289,0.7864753612386289,0.9397938518560974,0.9397938518560974,0.3055555555555556,0.21113689095127608,0.25834622325341583,1.4471916971916974,1.4471916971916974,1.0944186646042795,1.0944186646042795,0.28553137003841234,0.2305389221556886,0.25803514609705047,None,None,1.0,None,None,1.0,0.5037037037037038,0.39702233250620345,0.4503630181049536,1.2687037037037039,1.2687037037037039,1.1066813711975003,1.1066813711975003,0.3440702781844802,0.5930232558139534,0.4685467669992168,0.5801969396836334,0.5801969396836334,0.7510470223705268,0.7510470223705268,0.37077131258457374,0.5643564356435644,0.4675638741140691,None,None,1.0,None,None,1.0,0.5583333333333333,0.6630286493860846,0.610680991359709,0.8420953360768175,0.8420953360768175,0.8953046839472487,0.8953046839472487,0.6818873668188736,0.5357142857142857,0.6088008262665796,1.2728564180618975,1.2728564180618975,1.146173081104588,1.146173081104588,0.6758720930232558,0.5333333333333333,0.6046027131782945,None,None,1.0,None,None,1.0,0.2677165354330709,0.33719704952581664,0.3024567924794438,0.7939468503937008,0.7939468503937008,0.9305194859072543,0.9305194859072543,0.33098591549295775,0.3103448275862069,0.3206653715395823,1.066510172143975,1.066510172143975,1.020641087906751,1.020641087906751,0.3293269230769231,0.30727762803234504,0.3183022755546341,None,None,1.0,None,None,1.0
Feldman-SVM-DIavgall,lambda=0.75,7,0.666828793774319,0.5951115834218916,0.7273542600896861,0.6612329217557888,0.3254774960045872,0.7893266397468077,0.7893266397468077,0.9079400001271722,0.6631016042780749,0.6676575505350772,0.665379577406576,0.9931762229703669,0.9931762229703669,0.9954440537429976,0.9954440537429976,0.6781272860277981,0.6444121915820029,0.6612697388049005,1.052319144308903,1.052319144308903,1.0337150944457951,1.0337150944457951,0.6736842105263158,0.6473880597014925,0.6605361351139041,None,None,1.0,None,None,1.0,0.5111111111111111,0.609181141439206,0.5601461262751586,0.8390133514369765,0.8390133514369765,0.9019299696719051,0.9019299696719051,0.6676427525622255,0.40310077519379844,0.535371763878012,1.6562675977024441,1.6562675977024441,1.264541977368427,1.264541977368427,0.6400541271989174,0.4306930693069307,0.5353735982529241,None,None,1.0,None,None,1.0,0.7489539748953975,0.7214611872146118,0.7352075810550047,1.0381070917853927,1.0381070917853927,1.0274927876807856,1.0274927876807856,0.6885964912280702,0.7888631090487239,0.7387298001383971,0.8728973168214654,0.8728973168214654,0.8997333821793463,0.8997333821793463,0.70550576184379,0.7784431137724551,0.7419744378081226,None,None,1.0,None,None,1.0,0.2510460251046025,0.27853881278538817,0.26479241894499533,0.9012963852116056,0.9012963852116056,0.9725072123192143,0.9725072123192143,0.3114035087719298,0.21113689095127608,0.26127019986160294,1.4748891459417774,1.4748891459417774,1.1002666178206537,1.1002666178206537,0.29449423815621,0.22155688622754488,0.25802556219187744,None,None,1.0,None,None,1.0,0.48888888888888893,0.390818858560794,0.43985387372484147,1.2509347442680778,1.2509347442680778,1.098070030328095,1.098070030328095,0.3323572474377745,0.5968992248062015,0.464628236121988,0.5568062976554924,0.5568062976554924,0.735458022631573,0.735458022631573,0.3599458728010826,0.5693069306930694,0.464626401747076,None,None,1.0,None,None,1.0,0.5348837209302325,0.6680272108843538,0.6014554659072932,0.8006915170747879,0.8006915170747879,0.8668565100458787,0.8668565100458787,0.6816143497757847,0.5333333333333333,0.6074738415545591,1.2780269058295963,1.2780269058295963,1.1482810164424513,1.1482810164424513,0.6728307254623044,0.5403726708074534,0.606601698134879,None,None,1.0,None,None,1.0,0.2693877551020408,0.3326293558606125,0.30100855548132666,0.8098736637512147,0.8098736637512147,0.9367583992414283,0.9367583992414283,0.32521489971346706,0.3117408906882591,0.3184778952008631,1.043221821158784,1.043221821158784,1.013474009025208,1.013474009025208,0.32558139534883723,0.30666666666666664,0.31612403100775194,None,None,1.0,None,None,1.0
Feldman-SVM-DIavgall,lambda=0.8,7,0.6682879377431906,0.5993623804463337,0.726457399103139,0.6629098897747363,0.3286052087570051,0.8054912602761594,0.8054912602761594,0.914772329859411,0.6711229946524064,0.6676575505350772,0.6693902725937418,1.0051904514740406,1.0051904514740406,1.0034654441173292,1.0034654441173292,0.6795903438185809,0.6458635703918723,0.6627269571052266,1.0522196559348365,1.0522196559348365,1.0337267734267086,1.0337267734267086,0.6756578947368421,0.6473880597014925,0.6615229772191673,None,None,1.0,None,None,1.0,0.5333333333333333,0.6104218362282878,0.5718775847808106,0.8737127371273713,0.8737127371273713,0.9229114971050455,0.9229114971050455,0.6705710102489019,0.4108527131782946,0.5407118617135982,1.6321445343794025,1.6321445343794025,1.2597182970706073,1.2597182970706073,0.6441136671177267,0.43564356435643564,0.5398786157370812,None,None,1.0,None,None,1.0,0.7489539748953975,0.7203196347031964,0.7346368047992969,1.039752269426891,1.039752269426891,1.0286343401922011,1.0286343401922011,0.6885964912280702,0.7865429234338747,0.7375697073309724,0.8754722351601719,0.8754722351601719,0.9020535677941955,0.9020535677941955,0.70550576184379,0.7754491017964071,0.7404774318200986,None,None,1.0,None,None,1.0,0.2510460251046025,0.2796803652968036,0.26536319520070306,0.8976176244556401,0.8976176244556401,0.9713656598077989,0.9713656598077989,0.3114035087719298,0.21345707656612534,0.26243029266902757,1.4588577421815403,1.4588577421815403,1.0979464322058043,1.0979464322058043,0.29449423815621,0.22455089820359286,0.25952256817990144,None,None,1.0,None,None,1.0,0.4666666666666667,0.38957816377171217,0.4281224152191894,1.1978768577494692,1.1978768577494692,1.0770885028949544,1.0770885028949544,0.32942898975109813,0.5891472868217054,0.45928813828640175,0.5591623641827851,0.5591623641827851,0.7402817029293928,0.7402817029293928,0.35588633288227334,0.5643564356435644,0.4601213842629189,None,None,1.0,None,None,1.0,0.5454545454545454,0.6675712347354138,0.6065128900949797,0.8170731707317073,0.8170731707317073,0.8778833107191316,0.8778833107191316,0.6825633383010432,0.5353535353535354,0.6089584368272893,1.2749768017321372,1.2749768017321372,1.1472098029475077,1.1472098029475077,0.6742209631728046,0.5398773006134969,0.6070491318931508,None,None,1.0,None,None,1.0,0.2603305785123967,0.3322751322751323,0.2963028553937645,0.7834789703637417,0.7834789703637417,0.9280554462372644,0.9280554462372644,0.3232758620689655,0.3095723014256619,0.31642408174731373,1.0442661070780401,1.0442661070780401,1.0137035606433036,1.0137035606433036,0.3230958230958231,0.30563002680965146,0.31436292495273727,None,None,1.0,None,None,1.0
Feldman-SVM-DIavgall,lambda=0.85,7,0.6678015564202334,0.5866099893730075,0.736322869955157,0.6614664296640822,0.32693891474955117,0.7870320855614974,0.7870320855614974,0.9088365645685363,0.6657754010695187,0.6682520808561236,0.6670137409628212,0.9962937941271623,0.9962937941271623,0.9975233202133951,0.9975233202133951,0.6773957571324067,0.648766328011611,0.6630810425720088,1.0441290305687432,1.0441290305687432,1.0286294291207958,1.0286294291207958,0.6730263157894737,0.6529850746268657,0.6630056952081698,None,None,1.0,None,None,1.0,0.5037037037037037,0.6004962779156328,0.5520999908096682,0.8388123660850932,0.8388123660850932,0.9032074257880709,0.9032074257880709,0.6544655929721815,0.4069767441860465,0.530721168579114,1.6081154570173604,1.6081154570173604,1.247488848786135,1.247488848786135,0.6278755074424899,0.43564356435643564,0.5317595358994628,None,None,1.0,None,None,1.0,0.7573221757322176,0.730593607305936,0.7439578915190768,1.036584728033473,1.036584728033473,1.0267285684262815,1.0267285684262815,0.7002923976608187,0.7935034802784223,0.7468979389696205,0.8825322321398037,0.8825322321398037,0.9067889173823964,0.9067889173823964,0.7157490396927016,0.7844311377245509,0.7500900887086263,None,None,1.0,None,None,1.0,0.2426778242677824,0.26940639269406397,0.2560421084809232,0.9007871782143108,0.9007871782143108,0.9732714315737184,0.9732714315737184,0.29970760233918126,0.20649651972157768,0.25310206103037947,1.4513929955976084,1.4513929955976084,1.0932110826176036,1.0932110826176036,0.28425096030729835,0.21556886227544914,0.24990991129137374,None,None,1.0,None,None,1.0,0.49629629629629635,0.39950372208436724,0.4479000091903318,1.2422820335863816,1.2422820335863816,1.096792574211929,1.096792574211929,0.34553440702781846,0.5930232558139534,0.46927883142088594,0.5826658628312233,0.5826658628312233,0.752511151213865,0.752511151213865,0.3721244925575101,0.5643564356435644,0.46824046410053727,None,None,1.0,None,None,1.0,0.5396825396825397,0.6722222222222223,0.605952380952381,0.8028335301062572,0.8028335301062572,0.8674603174603174,0.8674603174603174,0.6855828220858896,0.5412371134020618,0.6134099677439757,1.2666958808063105,1.2666958808063105,1.1443457086838278,1.1443457086838278,0.6763848396501457,0.55,0.6131924198250729,None,None,1.0,None,None,1.0,0.2701612903225806,0.33471933471933474,0.3024403125209577,0.8071278300941694,0.8071278300941694,0.9354419556032458,0.9354419556032458,0.3300699300699301,0.3090909090909091,0.3195804195804196,1.0678733031674208,1.0678733031674208,1.020979020979021,1.020979020979021,0.32973621103117506,0.30319148936170215,0.31646385019643863,None,None,1.0,None,None,1.0
Feldman-SVM-DIavgall,lambda=0.9,7,0.669260700389105,0.5844845908607864,0.7408071748878924,0.6626458828743393,0.3297456278017461,0.7652354209085689,0.7652354209085689,0.8999249683659001,0.6764705882352942,0.6676575505350772,0.6720640693851857,1.0131999371431566,1.0131999371431566,1.008813037700217,1.008813037700217,0.6773957571324067,0.6531204644412192,0.665258110786813,1.0371681703649516,1.0371681703649516,1.0242752926911876,1.0242752926911876,0.675,0.6529850746268657,0.6639925373134329,None,None,1.0,None,None,1.0,0.5037037037037037,0.598014888337469,0.5508592960205863,0.8422929153219609,0.8422929153219609,0.9056888153662347,0.9056888153662347,0.6515373352855052,0.4069767441860465,0.5292570397357759,1.60092030955867,1.60092030955867,1.2445605910994586,1.2445605910994586,0.625169147496617,0.43564356435643564,0.5304063559265263,None,None,1.0,None,None,1.0,0.7740585774058577,0.7317351598173516,0.7528968686116047,1.057839803131874,1.057839803131874,1.042323417588506,1.042323417588506,0.7032163742690059,0.8004640371229699,0.7518402056959879,0.8785108907534537,0.8785108907534537,0.902752337146036,0.902752337146036,0.7221510883482715,0.7844311377245509,0.7532911130364112,None,None,1.0,None,None,1.0,0.2259414225941423,0.2682648401826484,0.24710313138839535,0.8422327072019943,0.8422327072019943,0.9576765824114939,0.9576765824114939,0.29678362573099415,0.19953596287703013,0.24815979430401214,1.4873691010471919,1.4873691010471919,1.097247662853964,1.097247662853964,0.27784891165172854,0.21556886227544914,0.24670888696358884,None,None,1.0,None,None,1.0,0.49629629629629635,0.40198511166253104,0.4491407039794137,1.2346136259716507,1.2346136259716507,1.0943111846337654,1.0943111846337654,0.34846266471449483,0.5930232558139534,0.47074296026422413,0.5876037091264031,0.5876037091264031,0.7554394089005414,0.7554394089005414,0.374830852503383,0.5643564356435644,0.4695936440734737,None,None,1.0,None,None,1.0,0.5573770491803278,0.6722454672245467,0.6148112582024372,0.8291272702537242,0.8291272702537242,0.8851315819557811,0.8851315819557811,0.6867283950617284,0.5497382198952879,0.6182333074785082,1.24919165196943,1.24919165196943,1.1369901751664404,1.1369901751664404,0.6804123711340206,0.55,0.6152061855670103,None,None,1.0,None,None,1.0,0.26587301587301587,0.33575129533678755,0.3008121556049017,0.7918748775230257,0.7918748775230257,0.9301217205362283,0.9301217205362283,0.33101529902642557,0.3072289156626506,0.31912210734453805,1.0774223458507186,1.0774223458507186,1.023786383363775,1.023786383363775,0.32936979785969084,0.30319148936170215,0.3162806436106965,None,None,1.0,None,None,1.0
Feldman-SVM-DIavgall,lambda=0.95,7,0.6697470817120622,0.5866099893730075,0.7399103139013453,0.6632601516371763,0.33080879511305533,0.7766970044538454,0.7766970044538454,0.9046780316277414,0.6764705882352942,0.6682520808561236,0.6723613345457089,1.0122985137115346,1.0122985137115346,1.0082185073791705,1.0082185073791705,0.6795903438185809,0.6502177068214804,0.6649040253200307,1.0451735421674158,1.0451735421674158,1.0293726369971004,1.0293726369971004,0.6763157894736842,0.6511194029850746,0.6637175962293794,None,None,1.0,None,None,1.0,0.5111111111111111,0.5992555831265509,0.555183347118831,0.8529100529100527,0.8529100529100527,0.9118555279845602,0.9118555279845602,0.6559297218155198,0.40310077519379844,0.5295152485046591,1.6272102714269625,1.6272102714269625,1.2528289466217213,1.2528289466217213,0.6292286874154263,0.4306930693069307,0.5299608783611784,None,None,1.0,None,None,1.0,0.7698744769874477,0.7317351598173516,0.7508048184023997,1.0521217501419722,1.0521217501419722,1.038139317170096,1.038139317170096,0.7032163742690059,0.7981438515081206,0.7506801128885632,0.8810647014823881,0.8810647014823881,0.9050725227608852,0.9050725227608852,0.7208706786171575,0.7844311377245509,0.7526509081708541,None,None,1.0,None,None,1.0,0.2301255230125523,0.2682648401826484,0.24919518159760035,0.8578296091872162,0.8578296091872162,0.9618606828299039,0.9618606828299039,0.29678362573099415,0.20185614849187938,0.24931988711143677,1.4702729044834306,1.4702729044834306,1.0949274772391147,1.0949274772391147,0.2791293213828425,0.21556886227544914,0.24734909182914583,None,None,1.0,None,None,1.0,0.48888888888888893,0.4007444168734491,0.444816652881169,1.2199518403852772,1.2199518403852772,1.0881444720154398,1.0881444720154398,0.3440702781844802,0.5968992248062015,0.47048475149534086,0.576429427088285,0.576429427088285,0.7471710533782787,0.7471710533782787,0.37077131258457374,0.5693069306930694,0.47003912163882156,None,None,1.0,None,None,1.0,0.5564516129032258,0.6727019498607242,0.6145767813819749,0.8271889400921659,0.8271889400921659,0.8837496630425016,0.8837496630425016,0.6881720430107527,0.5445026178010471,0.6163373304058999,1.2638544251447479,1.2638544251447479,1.1436694252097057,1.1436694252097057,0.6808199121522694,0.5471698113207547,0.6139948617365121,None,None,1.0,None,None,1.0,0.264,0.3350622406639004,0.2995311203319502,0.7879133126934985,0.7879133126934985,0.9289377593360997,0.9289377593360997,0.32821229050279327,0.3092369477911647,0.31872461914697897,1.0613618225350068,1.0613618225350068,1.0189753427116286,1.0189753427116286,0.32735961768219835,0.3050397877984085,0.3161997027403034,None,None,1.0,None,None,1.0
Feldman-SVM-DIavgall,lambda=1.0,7,0.6697470817120622,0.5866099893730075,0.7399103139013453,0.6632601516371763,0.33080879511305533,0.7766970044538454,0.7766970044538454,0.9046780316277414,0.6764705882352942,0.6682520808561236,0.6723613345457089,1.0122985137115346,1.0122985137115346,1.0082185073791705,1.0082185073791705,0.6795903438185809,0.6502177068214804,0.6649040253200307,1.0451735421674158,1.0451735421674158,1.0293726369971004,1.0293726369971004,0.6763157894736842,0.6511194029850746,0.6637175962293794,None,None,1.0,None,None,1.0,0.5111111111111111,0.5992555831265509,0.555183347118831,0.8529100529100527,0.8529100529100527,0.9118555279845602,0.9118555279845602,0.6559297218155198,0.40310077519379844,0.5295152485046591,1.6272102714269625,1.6272102714269625,1.2528289466217213,1.2528289466217213,0.6292286874154263,0.4306930693069307,0.5299608783611784,None,None,1.0,None,None,1.0,0.7698744769874477,0.7317351598173516,0.7508048184023997,1.0521217501419722,1.0521217501419722,1.038139317170096,1.038139317170096,0.7032163742690059,0.7981438515081206,0.7506801128885632,0.8810647014823881,0.8810647014823881,0.9050725227608852,0.9050725227608852,0.7208706786171575,0.7844311377245509,0.7526509081708541,None,None,1.0,None,None,1.0,0.2301255230125523,0.2682648401826484,0.24919518159760035,0.8578296091872162,0.8578296091872162,0.9618606828299039,0.9618606828299039,0.29678362573099415,0.20185614849187938,0.24931988711143677,1.4702729044834306,1.4702729044834306,1.0949274772391147,1.0949274772391147,0.2791293213828425,0.21556886227544914,0.24734909182914583,None,None,1.0,None,None,1.0,0.48888888888888893,0.4007444168734491,0.444816652881169,1.2199518403852772,1.2199518403852772,1.0881444720154398,1.0881444720154398,0.3440702781844802,0.5968992248062015,0.47048475149534086,0.576429427088285,0.576429427088285,0.7471710533782787,0.7471710533782787,0.37077131258457374,0.5693069306930694,0.47003912163882156,None,None,1.0,None,None,1.0,0.5564516129032258,0.6727019498607242,0.6145767813819749,0.8271889400921659,0.8271889400921659,0.8837496630425016,0.8837496630425016,0.6881720430107527,0.5445026178010471,0.6163373304058999,1.2638544251447479,1.2638544251447479,1.1436694252097057,1.1436694252097057,0.6808199121522694,0.5471698113207547,0.6139948617365121,None,None,1.0,None,None,1.0,0.264,0.3350622406639004,0.2995311203319502,0.7879133126934985,0.7879133126934985,0.9289377593360997,0.9289377593360997,0.32821229050279327,0.3092369477911647,0.31872461914697897,1.0613618225350068,1.0613618225350068,1.0189753427116286,1.0189753427116286,0.32735961768219835,0.3050397877984085,0.3161997027403034,None,None,1.0,None,None,1.0
Feldman-SVM-DIavgall,lambda=0.0,8,0.6663424124513618,0.5611353711790393,0.7508771929824561,0.6560062820807477,0.3182222036631789,0.6421845713904714,0.6421845713904714,0.8510354484373048,0.6889460154241646,0.6610677864427115,0.6750069009334381,1.0421715133503469,1.0421715133503469,1.0278782289814532,1.0278782289814532,0.6620029455081001,0.6747851002865329,0.6683940228973165,0.9810574436616856,0.9810574436616856,0.9872178452215672,0.9872178452215672,0.6655716162943496,0.6685393258426966,0.667055471068523,None,None,1.0,None,None,1.0,0.43410852713178294,0.5819567979669632,0.5080326625493731,0.7459463119054872,0.7459463119054872,0.8521517291648197,0.8521517291648197,0.6274509803921569,0.38735177865612647,0.5074013795241417,1.6198479391756704,1.6198479391756704,1.2400992017360304,1.2400992017360304,0.5988857938718662,0.42424242424242425,0.5115641090571452,None,None,1.0,None,None,1.0,0.8153846153846154,0.7318181818181818,0.7736013986013985,1.1141901576684186,1.1141901576684186,1.0835664335664337,1.0835664335664337,0.6949640287769784,0.8382022471910112,0.7665831379839948,0.8291125812486739,0.8291125812486739,0.8567617815859672,0.8567617815859672,0.7251243781094527,0.8125,0.7688121890547264,None,None,1.0,None,None,1.0,0.18461538461538463,0.2681818181818182,0.2263986013986014,0.6883963494132986,0.6883963494132986,0.9164335664335664,0.9164335664335664,0.3050359712230216,0.16179775280898878,0.2334168620160052,1.8852917665867306,1.8852917665867306,1.1432382184140328,1.1432382184140328,0.27487562189054726,0.1875,0.23118781094527363,None,None,1.0,None,None,1.0,0.5658914728682171,0.4180432020330368,0.49196733745062693,1.3536674442166774,1.3536674442166774,1.1478482708351803,1.1478482708351803,0.37254901960784315,0.6126482213438735,0.49259862047585834,0.6080961416824795,0.6080961416824795,0.7599007982639696,0.7599007982639696,0.40111420612813375,0.5757575757575757,0.4884358909428547,None,None,1.0,None,None,1.0,0.5384615384615384,0.659942363112392,0.5992019507869653,0.8159220691971782,0.8159220691971782,0.8785191753491465,0.8785191753491465,0.6624203821656051,0.5764705882352941,0.6194454852004496,1.1490965813076823,1.1490965813076823,1.085949793930311,1.085949793930311,0.6605222734254992,0.5714285714285714,0.6159754224270353,None,None,1.0,None,None,1.0,0.256140350877193,0.3381294964028777,0.29713492364003535,0.7575214632325495,0.7575214632325495,0.9180108544743153,0.9180108544743153,0.33835616438356164,0.2935606060606061,0.31595838522208386,1.1525939019001326,1.1525939019001326,1.0447955583229556,1.0447955583229556,0.330654420206659,0.29457364341085274,0.3126140318087559,None,None,1.0,None,None,1.0
Feldman-SVM-DIavgall,lambda=0.05,8,0.6663424124513618,0.5611353711790393,0.7508771929824561,0.6560062820807477,0.3182222036631789,0.6421845713904714,0.6421845713904714,0.8510354484373048,0.6889460154241646,0.6610677864427115,0.6750069009334381,1.0421715133503469,1.0421715133503469,1.0278782289814532,1.0278782289814532,0.6620029455081001,0.6747851002865329,0.6683940228973165,0.9810574436616856,0.9810574436616856,0.9872178452215672,0.9872178452215672,0.6655716162943496,0.6685393258426966,0.667055471068523,None,None,1.0,None,None,1.0,0.43410852713178294,0.5819567979669632,0.5080326625493731,0.7459463119054872,0.7459463119054872,0.8521517291648197,0.8521517291648197,0.6274509803921569,0.38735177865612647,0.5074013795241417,1.6198479391756704,1.6198479391756704,1.2400992017360304,1.2400992017360304,0.5988857938718662,0.42424242424242425,0.5115641090571452,None,None,1.0,None,None,1.0,0.8153846153846154,0.7318181818181818,0.7736013986013985,1.1141901576684186,1.1141901576684186,1.0835664335664337,1.0835664335664337,0.6949640287769784,0.8382022471910112,0.7665831379839948,0.8291125812486739,0.8291125812486739,0.8567617815859672,0.8567617815859672,0.7251243781094527,0.8125,0.7688121890547264,None,None,1.0,None,None,1.0,0.18461538461538463,0.2681818181818182,0.2263986013986014,0.6883963494132986,0.6883963494132986,0.9164335664335664,0.9164335664335664,0.3050359712230216,0.16179775280898878,0.2334168620160052,1.8852917665867306,1.8852917665867306,1.1432382184140328,1.1432382184140328,0.27487562189054726,0.1875,0.23118781094527363,None,None,1.0,None,None,1.0,0.5658914728682171,0.4180432020330368,0.49196733745062693,1.3536674442166774,1.3536674442166774,1.1478482708351803,1.1478482708351803,0.37254901960784315,0.6126482213438735,0.49259862047585834,0.6080961416824795,0.6080961416824795,0.7599007982639696,0.7599007982639696,0.40111420612813375,0.5757575757575757,0.4884358909428547,None,None,1.0,None,None,1.0,0.5384615384615384,0.659942363112392,0.5992019507869653,0.8159220691971782,0.8159220691971782,0.8785191753491465,0.8785191753491465,0.6624203821656051,0.5764705882352941,0.6194454852004496,1.1490965813076823,1.1490965813076823,1.085949793930311,1.085949793930311,0.6605222734254992,0.5714285714285714,0.6159754224270353,None,None,1.0,None,None,1.0,0.256140350877193,0.3381294964028777,0.29713492364003535,0.7575214632325495,0.7575214632325495,0.9180108544743153,0.9180108544743153,0.33835616438356164,0.2935606060606061,0.31595838522208386,1.1525939019001326,1.1525939019001326,1.0447955583229556,1.0447955583229556,0.330654420206659,0.29457364341085274,0.3126140318087559,None,None,1.0,None,None,1.0
Feldman-SVM-DIavgall,lambda=0.1,8,0.6663424124513618,0.5611353711790393,0.7508771929824561,0.6560062820807477,0.3182222036631789,0.6421845713904714,0.6421845713904714,0.8510354484373048,0.6889460154241646,0.6610677864427115,0.6750069009334381,1.0421715133503469,1.0421715133503469,1.0278782289814532,1.0278782289814532,0.6620029455081001,0.6747851002865329,0.6683940228973165,0.9810574436616856,0.9810574436616856,0.9872178452215672,0.9872178452215672,0.6655716162943496,0.6685393258426966,0.667055471068523,None,None,1.0,None,None,1.0,0.43410852713178294,0.5819567979669632,0.5080326625493731,0.7459463119054872,0.7459463119054872,0.8521517291648197,0.8521517291648197,0.6274509803921569,0.38735177865612647,0.5074013795241417,1.6198479391756704,1.6198479391756704,1.2400992017360304,1.2400992017360304,0.5988857938718662,0.42424242424242425,0.5115641090571452,None,None,1.0,None,None,1.0,0.8153846153846154,0.7318181818181818,0.7736013986013985,1.1141901576684186,1.1141901576684186,1.0835664335664337,1.0835664335664337,0.6949640287769784,0.8382022471910112,0.7665831379839948,0.8291125812486739,0.8291125812486739,0.8567617815859672,0.8567617815859672,0.7251243781094527,0.8125,0.7688121890547264,None,None,1.0,None,None,1.0,0.18461538461538463,0.2681818181818182,0.2263986013986014,0.6883963494132986,0.6883963494132986,0.9164335664335664,0.9164335664335664,0.3050359712230216,0.16179775280898878,0.2334168620160052,1.8852917665867306,1.8852917665867306,1.1432382184140328,1.1432382184140328,0.27487562189054726,0.1875,0.23118781094527363,None,None,1.0,None,None,1.0,0.5658914728682171,0.4180432020330368,0.49196733745062693,1.3536674442166774,1.3536674442166774,1.1478482708351803,1.1478482708351803,0.37254901960784315,0.6126482213438735,0.49259862047585834,0.6080961416824795,0.6080961416824795,0.7599007982639696,0.7599007982639696,0.40111420612813375,0.5757575757575757,0.4884358909428547,None,None,1.0,None,None,1.0,0.5384615384615384,0.659942363112392,0.5992019507869653,0.8159220691971782,0.8159220691971782,0.8785191753491465,0.8785191753491465,0.6624203821656051,0.5764705882352941,0.6194454852004496,1.1490965813076823,1.1490965813076823,1.085949793930311,1.085949793930311,0.6605222734254992,0.5714285714285714,0.6159754224270353,None,None,1.0,None,None,1.0,0.256140350877193,0.3381294964028777,0.29713492364003535,0.7575214632325495,0.7575214632325495,0.9180108544743153,0.9180108544743153,0.33835616438356164,0.2935606060606061,0.31595838522208386,1.1525939019001326,1.1525939019001326,1.0447955583229556,1.0447955583229556,0.330654420206659,0.29457364341085274,0.3126140318087559,None,None,1.0,None,None,1.0
Feldman-SVM-DIavgall,lambda=0.15,8,0.666828793774319,0.5600436681222707,0.7526315789473684,0.6563376235348195,0.31911892225046873,0.6378478981232447,0.6378478981232447,0.8496645143978916,0.6915167095115681,0.6610677864427115,0.6762922479771398,1.0460602130270271,1.0460602130270271,1.0304489230688567,1.0304489230688567,0.6627393225331369,0.6747851002865329,0.6687622114098349,0.9821487200172603,0.9821487200172603,0.987954222246604,0.987954222246604,0.6668856767411301,0.6666666666666666,0.6667761717038984,None,None,1.0,None,None,1.0,0.43410852713178294,0.5806861499364676,0.5073973385341253,0.7475785795464183,0.7475785795464183,0.8534223771953153,0.8534223771953153,0.6259426847662142,0.38735177865612647,0.5066472317111703,1.6159540739372673,1.6159540739372673,1.2385909061100877,1.2385909061100877,0.5974930362116991,0.42424242424242425,0.5108677302270617,None,None,1.0,None,None,1.0,0.8192307692307692,0.7329545454545454,0.7760926573426573,1.1177101967799643,1.1177101967799643,1.0862762237762238,1.0862762237762238,0.697841726618705,0.8382022471910112,0.7680219869048581,0.8325457596389376,0.8325457596389376,0.8596394794276938,0.8596394794276938,0.7288557213930348,0.8095238095238095,0.7691897654584221,None,None,1.0,None,None,1.0,0.1807692307692308,0.2670454545454546,0.2239073426573427,0.676923076923077,0.676923076923077,0.9137237762237762,0.9137237762237762,0.302158273381295,0.16179775280898878,0.23197801309514188,1.8675059952038369,1.8675059952038369,1.1403605205723062,1.1403605205723062,0.2711442786069652,0.19047619047619047,0.23081023454157784,None,None,1.0,None,None,1.0,0.5658914728682171,0.4193138500635324,0.4926026614658747,1.349565421658445,1.349565421658445,1.1465776228046847,1.1465776228046847,0.3740573152337858,0.6126482213438735,0.4933527682888297,0.6105580693815987,0.6105580693815987,0.7614090938899123,0.7614090938899123,0.40250696378830086,0.5757575757575757,0.4891322697729383,None,None,1.0,None,None,1.0,0.5436893203883495,0.6604046242774566,0.602046972332903,0.8232669796690106,0.8232669796690106,0.8832846961108929,0.8832846961108929,0.664,0.5764705882352941,0.620235294117647,1.1518367346938778,1.1518367346938778,1.0875294117647059,1.0875294117647059,0.6630602782071098,0.5675675675675675,0.6153139228873387,None,None,1.0,None,None,1.0,0.25524475524475526,0.3384615384615385,0.2968531468531469,0.7541322314049587,0.7541322314049587,0.9167832167832168,0.9167832167832168,0.3383356070941337,0.2935606060606061,0.3159481065773699,1.1525238744884037,1.1525238744884037,1.0447750010335275,1.0447750010335275,0.3302857142857143,0.29533678756476683,0.31281125092524054,None,None,1.0,None,None,1.0
Feldman-SVM-DIavgall,lambda=0.2,8,0.6697470817120622,0.5589519650655022,0.7587719298245614,0.6588619474450318,0.3248866478123228,0.6453081074580195,0.6453081074580195,0.8544635545898532,0.6915167095115681,0.6646670665866826,0.6780918880491253,1.0403956270359063,1.0403956270359063,1.0268496429248855,1.0268496429248855,0.6656848306332842,0.6776504297994269,0.6716676302163556,0.9823425196237471,0.9823425196237471,0.9880344008338573,0.9880344008338573,0.6695137976346912,0.6704119850187266,0.6699628913267088,None,None,1.0,None,None,1.0,0.43410852713178294,0.579415501905972,0.5067620145188775,0.74921800625595,0.74921800625595,0.8546930252258109,0.8546930252258109,0.6244343891402715,0.38735177865612647,0.505893083898199,1.6120602086988642,1.6120602086988642,1.237082610484145,1.237082610484145,0.596100278551532,0.42424242424242425,0.5101713513969781,None,None,1.0,None,None,1.0,0.8192307692307692,0.740909090909091,0.7800699300699301,1.1057102406795658,1.1057102406795658,1.0783216783216782,1.0783216783216782,0.7050359712230215,0.8426966292134831,0.7738663002182523,0.836642685851319,0.836642685851319,0.8623393420095384,0.8623393420095384,0.7350746268656716,0.8154761904761905,0.775275408670931,None,None,1.0,None,None,1.0,0.1807692307692308,0.25909090909090904,0.21993006993006992,0.6977058029689611,0.6977058029689611,0.9216783216783218,0.9216783216783218,0.29496402877697847,0.1573033707865169,0.2261336997817477,1.8751284686536482,1.8751284686536482,1.1376606579904616,1.1376606579904616,0.2649253731343284,0.18452380952380953,0.22472459132906897,None,None,1.0,None,None,1.0,0.5658914728682171,0.420584498094028,0.4932379854811225,1.3454881847350055,1.3454881847350055,1.145306974774189,1.145306974774189,0.3755656108597285,0.6126482213438735,0.494106916101801,0.6130199970807181,0.6130199970807181,0.762917389515855,0.762917389515855,0.403899721448468,0.5757575757575757,0.48982864860302183,None,None,1.0,None,None,1.0,0.5436893203883495,0.6666666666666666,0.6051779935275081,0.8155339805825242,0.8155339805825242,0.8770226537216829,0.8770226537216829,0.6688206785137318,0.5833333333333334,0.6260770059235325,1.146549734594969,1.146549734594969,1.0854873451803986,1.0854873451803986,0.6677067082683308,0.5753424657534246,0.6215245870108776,None,None,1.0,None,None,1.0,0.25524475524475526,0.3367243133265514,0.2959845342856533,0.7580229438235481,0.7580229438235481,0.9185204419182038,0.9185204419182038,0.33694181326116374,0.29245283018867924,0.3146973217249215,1.1521236195381728,1.1521236195381728,1.0444889830724846,1.0444889830724846,0.32917139614074914,0.29381443298969073,0.31149291456521994,None,None,1.0,None,None,1.0
Feldman-SVM-DIavgall,lambda=0.25,8,0.6702334630350194,0.5578602620087336,0.7605263157894737,0.6591932888991037,0.32580168525810854,0.6481508744512267,0.6481508744512267,0.8562631946618389,0.6915167095115681,0.6652669466106779,0.678391828061123,1.0394574885083714,1.0394574885083714,1.0262497629008902,1.0262497629008902,0.666421207658321,0.6776504297994269,0.672035818728874,0.9834291817029769,0.9834291817029769,0.9887707778588941,0.9887707778588941,0.6701708278580815,0.6704119850187266,0.670291406438404,None,None,1.0,None,None,1.0,0.43410852713178294,0.5781448538754765,0.5061266905036297,0.7508646392367322,0.7508646392367322,0.8559636732563064,0.8559636732563064,0.6229260935143288,0.38735177865612647,0.5051389360852276,1.6081663434604612,1.6081663434604612,1.2355743148582023,1.2355743148582023,0.5947075208913649,0.42424242424242425,0.5094749725668946,None,None,1.0,None,None,1.0,0.8192307692307692,0.7431818181818182,0.7812062937062937,1.1023288637967537,1.1023288637967537,1.076048951048951,1.076048951048951,0.7079136690647482,0.8426966292134831,0.7753051491391156,0.8400575539568346,0.8400575539568346,0.8652170398512651,0.8652170398512651,0.7375621890547264,0.8154761904761905,0.7765191897654584,None,None,1.0,None,None,1.0,0.1807692307692308,0.25681818181818183,0.2187937062937063,0.7038801906058544,0.7038801906058544,0.923951048951049,0.923951048951049,0.2920863309352518,0.1573033707865169,0.22469485086088437,1.8568345323741002,1.8568345323741002,1.134782960148735,1.134782960148735,0.26243781094527363,0.18452380952380953,0.22348081023454158,None,None,1.0,None,None,1.0,0.5658914728682171,0.42185514612452346,0.49387330949637026,1.3414355094797799,1.3414355094797799,1.1440363267436937,1.1440363267436937,0.3770739064856712,0.6126482213438735,0.49486106391477236,0.6154819247798374,0.6154819247798374,0.7644256851417977,0.7644256851417977,0.4052924791086351,0.5757575757575757,0.4905250274331054,None,None,1.0,None,None,1.0,0.5436893203883495,0.6681350954478708,0.6059122079181101,0.8137415982076176,0.8137415982076176,0.8755542249404787,0.8755542249404787,0.6704545454545454,0.5833333333333334,0.6268939393939394,1.1493506493506491,1.1493506493506491,1.087121212121212,1.087121212121212,0.6692789968652038,0.5753424657534246,0.6223107313093141,None,None,1.0,None,None,1.0,0.25524475524475526,0.3367139959432049,0.2959793755939801,0.7580461706967732,0.7580461706967732,0.9185307593015504,0.9185307593015504,0.33692722371967654,0.29245283018867924,0.3146900269541779,1.152073732718894,1.152073732718894,1.0444743935309972,1.0444743935309972,0.32918552036199095,0.29381443298969073,0.31149997667584084,None,None,1.0,None,None,1.0
Feldman-SVM-DIavgall,lambda=0.3,8,0.6702334630350194,0.5425764192139738,0.7728070175438596,0.6576917183789167,0.32509214048438484,0.6683568783755099,0.6683568783755099,0.8698892612223057,0.699228791773779,0.6634673065386922,0.6813480491562356,1.0539009004402256,1.0539009004402256,1.0357614852350867,1.0357614852350867,0.666421207658321,0.6776504297994269,0.672035818728874,0.9834291817029769,0.9834291817029769,0.9887707778588941,0.9887707778588941,0.6695137976346912,0.6722846441947565,0.6708992209147239,None,None,1.0,None,None,1.0,0.4418604651162791,0.5590851334180432,0.5004727992671612,0.7903276955602537,0.7903276955602537,0.8827753316982359,0.8827753316982359,0.6048265460030166,0.3794466403162055,0.492136593159611,1.5939699597787833,1.5939699597787833,1.225379905686811,1.225379905686811,0.5793871866295265,0.4090909090909091,0.4942390478602178,None,None,1.0,None,None,1.0,0.8269230769230769,0.7568181818181818,0.7918706293706294,1.0926310926310925,1.0926310926310925,1.070104895104895,1.070104895104895,0.7251798561151079,0.8471910112359551,0.7861854336755315,0.8559815277751274,0.8559815277751274,0.8779888448791529,0.8779888448791529,0.75,0.8273809523809523,0.7886904761904762,None,None,1.0,None,None,1.0,0.17307692307692313,0.24318181818181817,0.20812937062937065,0.7117181883537026,0.7117181883537026,0.929895104895105,0.929895104895105,0.27482014388489207,0.15280898876404492,0.2138145663244685,1.7984553533643675,1.7984553533643675,1.1220111551208471,1.1220111551208471,0.25,0.17261904761904767,0.21130952380952384,None,None,1.0,None,None,1.0,0.5581395348837209,0.4409148665819568,0.49952720073283885,1.2658668990014075,1.2658668990014075,1.1172246683017641,1.1172246683017641,0.39517345399698345,0.6205533596837944,0.5078634068403889,0.6368081774601071,0.6368081774601071,0.774620094313189,0.774620094313189,0.4206128133704735,0.5909090909090908,0.5057609521397821,None,None,1.0,None,None,1.0,0.5588235294117647,0.672782874617737,0.6158032020147508,0.8306149732620322,0.8306149732620322,0.8860406547940277,0.8860406547940277,0.6773648648648649,0.5853658536585366,0.6313653592617008,1.1571649774774777,1.1571649774774777,1.0919990112063283,1.0919990112063283,0.6742301458670988,0.5827338129496403,0.6284819794083696,None,None,1.0,None,None,1.0,0.2508710801393728,0.3425468904244817,0.29670898528192724,0.7323700408679673,0.7323700408679673,0.908324189714891,0.908324189714891,0.34203655352480417,0.2940074906367041,0.31802202208075414,1.1633599973391429,1.1633599973391429,1.0480290628881002,1.0480290628881002,0.33370165745856356,0.29620253164556964,0.31495209455206663,None,None,1.0,None,None,1.0
Feldman-SVM-DIavgall,lambda=0.35,8,0.6702334630350194,0.5425764192139738,0.7728070175438596,0.6576917183789167,0.32509214048438484,0.6683568783755099,0.6683568783755099,0.8698892612223057,0.699228791773779,0.6634673065386922,0.6813480491562356,1.0539009004402256,1.0539009004402256,1.0357614852350867,1.0357614852350867,0.666421207658321,0.6776504297994269,0.672035818728874,0.9834291817029769,0.9834291817029769,0.9887707778588941,0.9887707778588941,0.6695137976346912,0.6722846441947565,0.6708992209147239,None,None,1.0,None,None,1.0,0.4418604651162791,0.5590851334180432,0.5004727992671612,0.7903276955602537,0.7903276955602537,0.8827753316982359,0.8827753316982359,0.6048265460030166,0.3794466403162055,0.492136593159611,1.5939699597787833,1.5939699597787833,1.225379905686811,1.225379905686811,0.5793871866295265,0.4090909090909091,0.4942390478602178,None,None,1.0,None,None,1.0,0.8269230769230769,0.7568181818181818,0.7918706293706294,1.0926310926310925,1.0926310926310925,1.070104895104895,1.070104895104895,0.7251798561151079,0.8471910112359551,0.7861854336755315,0.8559815277751274,0.8559815277751274,0.8779888448791529,0.8779888448791529,0.75,0.8273809523809523,0.7886904761904762,None,None,1.0,None,None,1.0,0.17307692307692313,0.24318181818181817,0.20812937062937065,0.7117181883537026,0.7117181883537026,0.929895104895105,0.929895104895105,0.27482014388489207,0.15280898876404492,0.2138145663244685,1.7984553533643675,1.7984553533643675,1.1220111551208471,1.1220111551208471,0.25,0.17261904761904767,0.21130952380952384,None,None,1.0,None,None,1.0,0.5581395348837209,0.4409148665819568,0.49952720073283885,1.2658668990014075,1.2658668990014075,1.1172246683017641,1.1172246683017641,0.39517345399698345,0.6205533596837944,0.5078634068403889,0.6368081774601071,0.6368081774601071,0.774620094313189,0.774620094313189,0.4206128133704735,0.5909090909090908,0.5057609521397821,None,None,1.0,None,None,1.0,0.5588235294117647,0.672782874617737,0.6158032020147508,0.8306149732620322,0.8306149732620322,0.8860406547940277,0.8860406547940277,0.6773648648648649,0.5853658536585366,0.6313653592617008,1.1571649774774777,1.1571649774774777,1.0919990112063283,1.0919990112063283,0.6742301458670988,0.5827338129496403,0.6284819794083696,None,None,1.0,None,None,1.0,0.2508710801393728,0.3425468904244817,0.29670898528192724,0.7323700408679673,0.7323700408679673,0.908324189714891,0.908324189714891,0.34203655352480417,0.2940074906367041,0.31802202208075414,1.1633599973391429,1.1633599973391429,1.0480290628881002,1.0480290628881002,0.33370165745856356,0.29620253164556964,0.31495209455206663,None,None,1.0,None,None,1.0
Feldman-SVM-DIavgall,lambda=0.4,8,0.6702334630350194,0.5403930131004366,0.7745614035087719,0.6574772083046043,0.32501256365749986,0.6724698437808977,0.6724698437808977,0.8722887813182865,0.699228791773779,0.6634673065386922,0.6813480491562356,1.0539009004402256,1.0539009004402256,1.0357614852350867,1.0357614852350867,0.666421207658321,0.6776504297994269,0.672035818728874,0.9834291817029769,0.9834291817029769,0.9887707778588941,0.9887707778588941,0.6695137976346912,0.6722846441947565,0.6708992209147239,None,None,1.0,None,None,1.0,0.4418604651162791,0.5565438373570522,0.4992021512366656,0.7939364978230858,0.7939364978230858,0.8853166277592269,0.8853166277592269,0.6033182503770739,0.37549407114624506,0.48940616076165944,1.606731761530523,1.606731761530523,1.2278241792308289,1.2278241792308289,0.5779944289693594,0.40404040404040403,0.49101741650488173,None,None,1.0,None,None,1.0,0.8269230769230769,0.759090909090909,0.793006993006993,1.0893597420543528,1.0893597420543528,1.0678321678321678,1.0678321678321678,0.7266187050359713,0.849438202247191,0.7880284536415811,0.8554109093677439,0.8554109093677439,0.8771805027887802,0.8771805027887802,0.7512437810945274,0.8303571428571429,0.7908004619758351,None,None,1.0,None,None,1.0,0.17307692307692313,0.24090909090909096,0.20699300699300704,0.7184325108853411,0.7184325108853411,0.9321678321678322,0.9321678321678322,0.27338129496402874,0.15056179775280898,0.21197154635841886,1.815741436701385,1.815741436701385,1.1228194972112198,1.1228194972112198,0.24875621890547261,0.1696428571428571,0.20919953802416485,None,None,1.0,None,None,1.0,0.5581395348837209,0.44345616264294785,0.5007978487633344,1.258612647431199,1.258612647431199,1.1146833722407732,1.1146833722407732,0.3966817496229261,0.6245059288537549,0.5105938392383405,0.6351929281936729,0.6351929281936729,0.7721758207691712,0.7721758207691712,0.4220055710306406,0.595959595959596,0.5089825834951183,None,None,1.0,None,None,1.0,0.5588235294117647,0.6738461538461539,0.6163348416289594,0.8293043244695139,0.8293043244695139,0.8849773755656108,0.8849773755656108,0.6779661016949152,0.5864197530864198,0.6321929273906675,1.1561106155218552,1.1561106155218552,1.0915463486084955,1.0915463486084955,0.6747967479674797,0.583941605839416,0.6293691769034478,None,None,1.0,None,None,1.0,0.2508710801393728,0.34316617502458213,0.2970186275819775,0.7310483911224703,0.7310483911224703,0.9077049051147907,0.9077049051147907,0.3424479166666667,0.2947761194029851,0.31861201803482586,1.161722046413502,1.161722046413502,1.0476717972636815,1.0476717972636815,0.3340683572216097,0.2972292191435768,0.31564878818259323,None,None,1.0,None,None,1.0
Feldman-SVM-DIavgall,lambda=0.45,8,0.6721789883268483,0.5403930131004366,0.7780701754385965,0.6592315942695166,0.3290066912757398,0.6766337437423893,0.6766337437423893,0.8746883014142672,0.699228791773779,0.6658668266346731,0.6825478092042261,1.050103059357558,1.050103059357558,1.0333619651391057,1.0333619651391057,0.6678939617083947,0.6805157593123209,0.6742048605103578,0.981452600573599,0.981452600573599,0.9873782023960738,0.9873782023960738,0.6708278580814717,0.6760299625468165,0.6734289103141441,None,None,1.0,None,None,1.0,0.4418604651162791,0.5565438373570522,0.4992021512366656,0.7939364978230858,0.7939364978230858,0.8853166277592269,0.8853166277592269,0.6033182503770739,0.37549407114624506,0.48940616076165944,1.606731761530523,1.606731761530523,1.2278241792308289,1.2278241792308289,0.5779944289693594,0.40404040404040403,0.49101741650488173,None,None,1.0,None,None,1.0,0.8269230769230769,0.7636363636363637,0.7952797202797203,1.0828754578754578,1.0828754578754578,1.0632867132867132,1.0632867132867132,0.7294964028776978,0.8539325842696629,0.7917144935736804,0.854278682317304,0.854278682317304,0.8755638186080349,0.8755638186080349,0.753731343283582,0.8363095238095238,0.7950204335465529,None,None,1.0,None,None,1.0,0.17307692307692313,0.23636363636363633,0.20472027972027973,0.7322485207100595,0.7322485207100595,0.9367132867132868,0.9367132867132868,0.2705035971223022,0.1460674157303371,0.20828550642631966,1.8519092418372993,1.8519092418372993,1.1244361813919652,1.1244361813919652,0.24626865671641796,0.16369047619047616,0.20497956645344706,None,None,1.0,None,None,1.0,0.5581395348837209,0.44345616264294785,0.5007978487633344,1.258612647431199,1.258612647431199,1.1146833722407732,1.1146833722407732,0.3966817496229261,0.6245059288537549,0.5105938392383405,0.6351929281936729,0.6351929281936729,0.7721758207691712,0.7721758207691712,0.4220055710306406,0.595959595959596,0.5089825834951183,None,None,1.0,None,None,1.0,0.5588235294117647,0.6780185758513931,0.618421052631579,0.8242009132420092,0.8242009132420092,0.8808049535603716,0.8808049535603716,0.6802721088435374,0.59375,0.6370110544217686,1.145721446473326,1.145721446473326,1.0865221088435373,1.0865221088435373,0.6769983686786297,0.5925925925925926,0.6347954806356111,None,None,1.0,None,None,1.0,0.2508710801393728,0.3418217433888345,0.29634641176410365,0.7339237043618901,0.7339237043618901,0.9090493367505383,0.9090493367505383,0.34155844155844156,0.2936802973977695,0.31761936947810554,1.163028111129377,1.163028111129377,1.0478781441606722,1.0478781441606722,0.3333333333333333,0.2957393483709273,0.31453634085213034,None,None,1.0,None,None,1.0
Feldman-SVM-DIavgall,lambda=0.5,8,0.671692607003891,0.5338427947598253,0.7824561403508772,0.6581494675553512,0.32782475896998914,0.6883549582009189,0.6883549582009189,0.8812869816782145,0.699228791773779,0.6652669466106779,0.6822478691922285,1.051049951205491,1.051049951205491,1.033961845163101,1.033961845163101,0.6649484536082474,0.6848137535816619,0.6748811035949547,0.970991674934219,0.970991674934219,0.9801347000265855,0.9801347000265855,0.6681997371879106,0.6816479400749064,0.6749238386314085,None,None,1.0,None,None,1.0,0.4418604651162791,0.5489199491740788,0.49539020714517895,0.8049633936261843,0.8049633936261843,0.8929405159422003,0.8929405159422003,0.5942684766214178,0.37549407114624506,0.4848812738838314,1.5826307851075654,1.5826307851075654,1.2187744054751728,1.2187744054751728,0.5696378830083565,0.40404040404040403,0.4868391435243803,None,None,1.0,None,None,1.0,0.8269230769230769,0.7693181818181818,0.7981206293706293,1.0748778547892284,1.0748778547892284,1.057604895104895,1.057604895104895,0.7323741007194244,0.8606741573033708,0.7965241290113976,0.8509307436557281,0.8509307436557281,0.8716999434160536,0.8716999434160536,0.7562189054726368,0.8452380952380952,0.800728500355366,None,None,1.0,None,None,1.0,0.17307692307692313,0.2306818181818182,0.20187937062937067,0.7502841985600608,0.7502841985600608,0.9423951048951049,0.9423951048951049,0.26762589928057556,0.13932584269662918,0.20347587098860237,1.9208633093525187,1.9208633093525187,1.1283000565839463,1.1283000565839463,0.24378109452736318,0.15476190476190477,0.19927149964463398,None,None,1.0,None,None,1.0,0.5581395348837209,0.4510800508259212,0.504609792854821,1.237340320995742,1.237340320995742,1.1070594840577996,1.1070594840577996,0.4057315233785822,0.6245059288537549,0.5151187261161685,0.6496840216125399,0.6496840216125399,0.7812255945248273,0.7812255945248273,0.4303621169916435,0.595959595959596,0.5131608564756198,None,None,1.0,None,None,1.0,0.5588235294117647,0.6803149606299213,0.619569245020843,0.8214188453159041,0.8214188453159041,0.8785085687818435,0.8785085687818435,0.6793103448275862,0.6050955414012739,0.64220294311443,1.1226497277676952,1.1226497277676952,1.0742148034263124,1.0742148034263124,0.6760330578512397,0.6060606060606061,0.6410468319559228,None,None,1.0,None,None,1.0,0.2508710801393728,0.3439922480620155,0.29743166410069416,0.7292928301516415,0.7292928301516415,0.9068788320773573,0.9068788320773573,0.34575835475578404,0.2920517560073937,0.31890505538158886,1.1838941134359442,1.1838941134359442,1.0537065987483905,1.0537065987483905,0.33696837513631406,0.2935323383084577,0.3152503567223859,None,None,1.0,None,None,1.0
Feldman-SVM-DIavgall,lambda=0.55,8,0.6590466926070039,0.5240174672489083,0.7675438596491229,0.6457806634490155,0.30147451025509253,0.7983847199253351,0.7983847199253351,0.9240465531572348,0.6760925449871465,0.6550689862027594,0.665580765594953,1.0320936561296459,1.0320936561296459,1.0210235587843872,1.0210235587843872,0.6531664212076583,0.670487106017192,0.6618267636124251,0.9741670128268066,0.9741670128268066,0.9826793151904664,0.9826793151904664,0.6550591327201051,0.6704119850187266,0.6627355588694158,None,None,1.0,None,None,1.0,0.46511627906976744,0.5336721728081322,0.4993942259389498,0.8715393133997784,0.8715393133997784,0.9314441062616352,0.9314441062616352,0.583710407239819,0.3675889328063241,0.47564967002307157,1.5879433659319808,1.5879433659319808,1.216121474433495,1.216121474433495,0.5612813370473537,0.3888888888888889,0.4750851129681213,None,None,1.0,None,None,1.0,0.7807692307692308,0.7636363636363637,0.7722027972027972,1.0224358974358974,1.0224358974358974,1.017132867132867,1.017132867132867,0.7194244604316546,0.8426966292134831,0.7810605448225689,0.8537170263788969,0.8537170263788969,0.8767278312181715,0.8767278312181715,0.7388059701492538,0.8363095238095238,0.7875577469793889,None,None,1.0,None,None,1.0,0.21923076923076923,0.23636363636363633,0.22779720279720278,0.9275147928994084,0.9275147928994084,0.9828671328671329,0.9828671328671329,0.28057553956834536,0.1573033707865169,0.21893945517743113,1.783658787255909,1.783658787255909,1.1232721687818286,1.1232721687818286,0.26119402985074625,0.16369047619047616,0.2124422530206112,None,None,1.0,None,None,1.0,0.5348837209302326,0.4663278271918678,0.5006057740610502,1.1470122298967114,1.1470122298967114,1.0685558937383648,1.0685558937383648,0.41628959276018096,0.6324110671936759,0.5243503299769284,0.6582579185520361,0.6582579185520361,0.7838785255665051,0.7838785255665051,0.4387186629526463,0.6111111111111112,0.5249148870318787,None,None,1.0,None,None,1.0,0.5128205128205128,0.6687898089171974,0.5908051608688552,0.7667887667887667,0.7667887667887667,0.8440307039033154,0.8440307039033154,0.6649484536082474,0.5705521472392638,0.6177503004237557,1.1654472896574657,1.1654472896574657,1.0943963063689837,1.0943963063689837,0.6574225122349103,0.5833333333333334,0.6203779227841218,None,None,1.0,None,None,1.0,0.2536764705882353,0.3532242540904716,0.3034503623393534,0.7181739862157397,0.7181739862157397,0.9004522164977637,0.9004522164977637,0.3556701030927835,0.29906542056074764,0.3273677618267656,1.189271907216495,1.189271907216495,1.0566046825320359,1.0566046825320359,0.3465346534653465,0.3009950248756219,0.3237648391704842,None,None,1.0,None,None,1.0
Feldman-SVM-DIavgall,lambda=0.6,8,0.6595330739299611,0.5240174672489083,0.7684210526315789,0.6462192599402437,0.30246933698650585,0.7996580607864602,0.7996580607864602,0.9246464331812301,0.6760925449871465,0.6556688662267547,0.6658807056069507,1.031149380140506,1.031149380140506,1.020423678760392,1.020423678760392,0.6531664212076583,0.671919770773639,0.6625430959906486,0.9720898976608646,0.9720898976608646,0.9812466504340194,0.9812466504340194,0.6550591327201051,0.6722846441947565,0.6636718884574309,None,None,1.0,None,None,1.0,0.46511627906976744,0.5336721728081322,0.4993942259389498,0.8715393133997784,0.8715393133997784,0.9314441062616352,0.9314441062616352,0.583710407239819,0.3675889328063241,0.47564967002307157,1.5879433659319808,1.5879433659319808,1.216121474433495,1.216121474433495,0.5612813370473537,0.3888888888888889,0.4750851129681213,None,None,1.0,None,None,1.0,0.7807692307692308,0.7647727272727273,0.772770979020979,1.0209166761915647,1.0209166761915647,1.0159965034965035,1.0159965034965035,0.7194244604316546,0.8449438202247191,0.7821841403281868,0.8514465023725699,0.8514465023725699,0.8744806402069355,0.8744806402069355,0.7388059701492538,0.8392857142857143,0.789045842217484,None,None,1.0,None,None,1.0,0.21923076923076923,0.23522727272727273,0.22722902097902098,0.9319955406911928,0.9319955406911928,0.9840034965034965,0.9840034965034965,0.28057553956834536,0.15505617977528086,0.2178158596718131,1.8095089146074452,1.8095089146074452,1.1255193597930644,1.1255193597930644,0.26119402985074625,0.1607142857142857,0.21095415778251597,None,None,1.0,None,None,1.0,0.5348837209302326,0.4663278271918678,0.5006057740610502,1.1470122298967114,1.1470122298967114,1.0685558937383648,1.0685558937383648,0.41628959276018096,0.6324110671936759,0.5243503299769284,0.6582579185520361,0.6582579185520361,0.7838785255665051,0.7838785255665051,0.4387186629526463,0.6111111111111112,0.5249148870318787,None,None,1.0,None,None,1.0,0.5128205128205128,0.6698564593301436,0.5913384860753281,0.7655677655677654,0.7655677655677654,0.8429640534903692,0.8429640534903692,0.6649484536082474,0.5740740740740741,0.6195112638411607,1.1582973062853341,1.1582973062853341,1.0908743795341733,1.0908743795341733,0.6574225122349103,0.5877862595419847,0.6226043858884476,None,None,1.0,None,None,1.0,0.2536764705882353,0.3528846153846154,0.30328054298642537,0.718865202756852,0.718865202756852,0.9007918552036198,0.9007918552036198,0.3556701030927835,0.29850746268656714,0.32708878288967536,1.191494845360825,1.191494845360825,1.0571626404062164,1.0571626404062164,0.3465346534653465,0.3002481389578164,0.3233913962115814,None,None,1.0,None,None,1.0
Feldman-SVM-DIavgall,lambda=0.65,8,0.6595330739299611,0.5218340611353712,0.7701754385964912,0.6460047498659311,0.3023801918616592,0.8047923019472079,0.8047923019472079,0.9270459532772108,0.6760925449871465,0.6556688662267547,0.6658807056069507,1.031149380140506,1.031149380140506,1.020423678760392,1.020423678760392,0.6531664212076583,0.671919770773639,0.6625430959906486,0.9720898976608646,0.9720898976608646,0.9812466504340194,0.9812466504340194,0.6550591327201051,0.6722846441947565,0.6636718884574309,None,None,1.0,None,None,1.0,0.46511627906976744,0.531130876747141,0.4981235779084542,0.8757093579615001,0.8757093579615001,0.9339854023226264,0.9339854023226264,0.5822021116138764,0.36363636363636365,0.47291923762512,1.60105580693816,1.60105580693816,1.2185657479775127,1.2185657479775127,0.5598885793871866,0.3838383838383838,0.47186348161278524,None,None,1.0,None,None,1.0,0.7807692307692308,0.7670454545454546,0.7739073426573426,1.0178917378917378,1.0178917378917378,1.013723776223776,1.013723776223776,0.720863309352518,0.8471910112359551,0.7840271602942366,0.8508863996336087,0.8508863996336087,0.8736722981165629,0.8736722981165629,0.7400497512437811,0.8422619047619048,0.791155828002843,None,None,1.0,None,None,1.0,0.21923076923076923,0.23295454545454541,0.22609265734265732,0.9410881801125706,0.9410881801125706,0.9862762237762238,0.9862762237762238,0.27913669064748203,0.15280898876404492,0.21597283970576348,1.826703343207787,1.826703343207787,1.126327701883437,1.126327701883437,0.25995024875621886,0.15773809523809523,0.20884417199715705,None,None,1.0,None,None,1.0,0.5348837209302326,0.468869123252859,0.5018764220915458,1.1407953614419866,1.1407953614419866,1.0660145976773736,1.0660145976773736,0.41779788838612364,0.6363636363636364,0.52708076237488,0.6565395388924801,0.6565395388924801,0.7814342520224873,0.7814342520224873,0.4401114206128134,0.6161616161616161,0.5281365183872148,None,None,1.0,None,None,1.0,0.5128205128205128,0.6709470304975923,0.5918837716590526,0.7643233959023432,0.7643233959023432,0.8418734823229205,0.8418734823229205,0.6655172413793103,0.575,0.6202586206896552,1.1574212893553224,1.1574212893553224,1.0905172413793105,1.0905172413793105,0.6579378068739771,0.5891472868217055,0.6235425468478413,None,None,1.0,None,None,1.0,0.2536764705882353,0.35344827586206895,0.3035623732251521,0.7177187948350071,0.7177187948350071,0.9002281947261663,0.9002281947261663,0.3560411311053985,0.2992565055762082,0.32764881834080334,1.189752351147232,1.189752351147232,1.0567846255291902,1.0567846255291902,0.3468715697036224,0.3012345679012346,0.32405306880242846,None,None,1.0,None,None,1.0
Feldman-SVM-DIavgall,lambda=0.7,8,0.6590466926070039,0.5207423580786026,0.7701754385964912,0.6454588983375469,0.3013390019408995,0.8060861802461583,0.8060861802461583,0.9276458333012061,0.6760925449871465,0.6550689862027594,0.665580765594953,1.0320936561296459,1.0320936561296459,1.0210235587843872,1.0210235587843872,0.6524300441826215,0.671919770773639,0.6621749074781302,0.9709939676747757,0.9709939676747757,0.9805102734089826,0.9805102734089826,0.6544021024967148,0.6722846441947565,0.6633433733457357,None,None,1.0,None,None,1.0,0.46511627906976744,0.5298602287166455,0.4974882538932065,0.8778093804026545,0.8778093804026545,0.935256050353122,0.935256050353122,0.5806938159879337,0.36363636363636365,0.47216508981214866,1.5969079939668176,1.5969079939668176,1.21705745235157,1.21705745235157,0.5584958217270195,0.3838383838383838,0.4711671027827017,None,None,1.0,None,None,1.0,0.7807692307692308,0.7670454545454546,0.7739073426573426,1.0178917378917378,1.0178917378917378,1.013723776223776,1.013723776223776,0.720863309352518,0.8471910112359551,0.7840271602942366,0.8508863996336087,0.8508863996336087,0.8736722981165629,0.8736722981165629,0.7400497512437811,0.8422619047619048,0.791155828002843,None,None,1.0,None,None,1.0,0.21923076923076923,0.23295454545454541,0.22609265734265732,0.9410881801125706,0.9410881801125706,0.9862762237762238,0.9862762237762238,0.27913669064748203,0.15280898876404492,0.21597283970576348,1.826703343207787,1.826703343207787,1.126327701883437,1.126327701883437,0.25995024875621886,0.15773809523809523,0.20884417199715705,None,None,1.0,None,None,1.0,0.5348837209302326,0.4701397712833545,0.5025117461067936,1.1377121307353868,1.1377121307353868,1.064743949646878,1.064743949646878,0.4193061840120663,0.6363636363636364,0.5278349101878513,0.6589097177332471,0.6589097177332471,0.78294254764843,0.78294254764843,0.4415041782729805,0.6161616161616161,0.5288328972172983,None,None,1.0,None,None,1.0,0.5128205128205128,0.6704180064308681,0.5916192596256904,0.7649265203222038,0.7649265203222038,0.8424025063896446,0.8424025063896446,0.6649395509499136,0.575,0.6199697754749568,1.156416610347676,1.156416610347676,1.0899395509499137,1.0899395509499137,0.6573770491803279,0.5891472868217055,0.6232621680010166,None,None,1.0,None,None,1.0,0.2536764705882353,0.35406698564593303,0.3038717281170842,0.7164646263910969,0.7164646263910969,0.8996094849423022,0.8996094849423022,0.35686777920410784,0.2992565055762082,0.328062142390158,1.1925146907565838,1.1925146907565838,1.0576112736278995,1.0576112736278995,0.3475877192982456,0.3012345679012346,0.3244111435997401,None,None,1.0,None,None,1.0
Feldman-SVM-DIavgall,lambda=0.75,8,0.6580739299610895,0.5065502183406113,0.7798245614035088,0.64318738987206,0.2988598133281014,0.8470200186881279,0.8470200186881279,0.9452135279884897,0.6735218508997429,0.6544691061787642,0.6639954785392536,1.029111755682742,1.029111755682742,1.0190527447209787,1.0190527447209787,0.6531664212076583,0.667621776504298,0.6603940988559782,0.9783479871307844,0.9783479871307844,0.9855446447033603,0.9855446447033603,0.6550591327201051,0.6666666666666666,0.6608628996933859,None,None,1.0,None,None,1.0,0.46511627906976744,0.5133418043202033,0.4892290416949854,0.9060557218512549,0.9060557218512549,0.9517744747495642,0.9517744747495642,0.5671191553544495,0.34782608695652173,0.4574726211554856,1.6304675716440422,1.6304675716440422,1.2192930683979277,1.2192930683979277,0.5473537604456824,0.35858585858585856,0.4529698095157705,None,None,1.0,None,None,1.0,0.7769230769230769,0.7806818181818181,0.7788024475524475,0.99518530959579,0.99518530959579,0.9962412587412588,0.9962412587412588,0.7352517985611511,0.849438202247191,0.792345000404171,0.865574207300826,0.865574207300826,0.8858135963139601,0.8858135963139601,0.7512437810945274,0.8482142857142857,0.7997290334044065,None,None,1.0,None,None,1.0,0.22307692307692306,0.21931818181818186,0.22119755244755246,1.0171383021123952,1.0171383021123952,1.0037587412587412,1.0037587412587412,0.2647482014388489,0.15056179775280898,0.20765499959582895,1.758402233437131,1.758402233437131,1.1141864036860398,1.1141864036860398,0.24875621890547261,0.1517857142857143,0.20027096659559346,None,None,1.0,None,None,1.0,0.5348837209302326,0.48665819567979673,0.5107709583050146,1.0990952699010261,1.0990952699010261,1.048225525250436,1.048225525250436,0.43288084464555054,0.6521739130434783,0.5425273788445144,0.6637506284565108,0.6637506284565108,0.7807069316020723,0.7807069316020723,0.4526462395543176,0.6414141414141414,0.5470301904842295,None,None,1.0,None,None,1.0,0.5084745762711864,0.6767169179229481,0.5925957470970673,0.7513844604799462,0.7513844604799462,0.8317576583482383,0.8317576583482383,0.6714285714285714,0.567741935483871,0.6195852534562212,1.18262987012987,1.18262987012987,1.1036866359447004,1.1036866359447004,0.6627318718381113,0.5819672131147541,0.6223495424764327,None,None,1.0,None,None,1.0,0.25461254612546125,0.3579439252336449,0.30627823567955303,0.711319645833534,0.711319645833534,0.8966686208918164,0.8966686208918164,0.35964912280701755,0.30386740331491713,0.33175826306096734,1.1835725677830942,1.1835725677830942,1.0557817194921004,1.0557817194921004,0.34983853606027987,0.308252427184466,0.3290454816223729,None,None,1.0,None,None,1.0
Feldman-SVM-DIavgall,lambda=0.8,8,0.6571011673151751,0.5043668122270742,0.7798245614035088,0.6420956868152915,0.29677566200502975,0.8498671448013653,0.8498671448013653,0.9464132880364802,0.6735218508997429,0.6532693461307738,0.6633955985152584,1.0310017680898729,1.0310017680898729,1.020252504768969,1.020252504768969,0.6516936671575847,0.667621776504298,0.6596577218309414,0.9761420164720904,0.9761420164720904,0.9840718906532867,0.9840718906532867,0.6537450722733246,0.6666666666666666,0.6602058694699956,None,None,1.0,None,None,1.0,0.46511627906976744,0.5108005082592122,0.4879583936644898,0.9105634617609626,0.9105634617609626,0.9543157708105552,0.9543157708105552,0.5641025641025641,0.34782608695652173,0.4559643255295429,1.6217948717948718,1.6217948717948718,1.2162764771460424,1.2162764771460424,0.5445682451253482,0.35858585858585856,0.4515770518556034,None,None,1.0,None,None,1.0,0.7769230769230769,0.7806818181818181,0.7788024475524475,0.99518530959579,0.99518530959579,0.9962412587412588,0.9962412587412588,0.7352517985611511,0.849438202247191,0.792345000404171,0.865574207300826,0.865574207300826,0.8858135963139601,0.8858135963139601,0.7512437810945274,0.8482142857142857,0.7997290334044065,None,None,1.0,None,None,1.0,0.22307692307692306,0.21931818181818186,0.22119755244755246,1.0171383021123952,1.0171383021123952,1.0037587412587412,1.0037587412587412,0.2647482014388489,0.15056179775280898,0.20765499959582895,1.758402233437131,1.758402233437131,1.1141864036860398,1.1141864036860398,0.24875621890547261,0.1517857142857143,0.20027096659559346,None,None,1.0,None,None,1.0,0.5348837209302326,0.4891994917407878,0.5120416063355102,1.0933856840833587,1.0933856840833587,1.0456842291894448,1.0456842291894448,0.4358974358974359,0.6521739130434783,0.5440356744704571,0.6683760683760683,0.6683760683760683,0.7837235228539576,0.7837235228539576,0.4554317548746518,0.6414141414141414,0.5484229481443966,None,None,1.0,None,None,1.0,0.5084745762711864,0.6756302521008404,0.5920524141860134,0.752592967366557,0.752592967366557,0.832844324170346,0.832844324170346,0.6702508960573477,0.567741935483871,0.6189964157706094,1.1805555555555556,1.1805555555555556,1.1025089605734766,1.1025089605734766,0.6615905245346869,0.5819672131147541,0.6217788688247206,None,None,1.0,None,None,1.0,0.25461254612546125,0.3591417910447761,0.3068771685851187,0.7089471414194661,0.7089471414194661,0.8954707550806851,0.8954707550806851,0.36125,0.30386740331491713,0.3325587016574586,1.1888409090909091,1.1888409090909091,1.057382596685083,1.057382596685083,0.35123523093447906,0.308252427184466,0.3297438290594725,None,None,1.0,None,None,1.0
Feldman-SVM-DIavgall,lambda=0.85,8,0.6522373540856031,0.48580786026200873,0.7859649122807018,0.6358863862713553,0.28616218235241514,0.8946601722816039,0.8946601722816039,0.9639809827237638,0.6709511568123393,0.647870425914817,0.6594107913635782,1.0356255355612682,1.0356255355612682,1.0230807308975223,1.0230807308975223,0.6458026509572902,0.664756446991404,0.655279548974347,0.9714876085521305,0.9714876085521305,0.9810462039658862,0.9810462039658862,0.6478318002628121,0.6647940074906367,0.6563129038767244,None,None,1.0,None,None,1.0,0.46511627906976744,0.4891994917407878,0.4771578854052776,0.9507701600724856,0.9507701600724856,0.9759167873289796,0.9759167873289796,0.5429864253393665,0.3359683794466403,0.43947740239300337,1.6161831248336438,1.6161831248336438,1.2070180458927262,1.2070180458927262,0.5250696378830083,0.3434343434343434,0.43425199065867587,None,None,1.0,None,None,1.0,0.7730769230769231,0.7897727272727273,0.7814248251748253,0.9788599889319314,0.9788599889319314,0.9833041958041958,0.9833041958041958,0.7438848920863309,0.851685393258427,0.797785142672379,0.8734268521857975,0.8734268521857975,0.892199498827904,0.892199498827904,0.7574626865671642,0.8541666666666666,0.8058146766169154,None,None,1.0,None,None,1.0,0.2269230769230769,0.2102272727272727,0.2185751748251748,1.0794178794178795,1.0794178794178795,1.016695804195804,1.016695804195804,0.2561151079136691,0.14831460674157304,0.20221485732762107,1.7268367124482233,1.7268367124482233,1.107800501172096,1.107800501172096,0.2425373134328358,0.14583333333333337,0.19418532338308458,None,None,1.0,None,None,1.0,0.5348837209302326,0.5108005082592122,0.5228421145947224,1.0471479810251072,1.0471479810251072,1.0240832126710204,1.0240832126710204,0.4570135746606335,0.6640316205533596,0.5605225976069965,0.6882406808877398,0.6882406808877398,0.7929819541072739,0.7929819541072739,0.4749303621169917,0.6565656565656566,0.5657480093413241,None,None,1.0,None,None,1.0,0.5042016806722689,0.6754385964912281,0.5898201385817485,0.7464804103459566,0.7464804103459566,0.8287630841810408,0.8287630841810408,0.6691449814126395,0.5629139072847682,0.6160294443487038,1.1887163787448065,1.1887163787448065,1.1062310741278711,1.1062310741278711,0.6590909090909091,0.5811965811965812,0.6201437451437452,None,None,1.0,None,None,1.0,0.25555555555555554,0.3664539653600729,0.3110047604578142,0.6973742399115533,0.6973742399115533,0.8891015901954826,0.8891015901954826,0.3695121951219512,0.3071297989031079,0.33832099701252955,1.2031141114982578,1.2031141114982578,1.0623823962188434,1.0623823962188434,0.3589473684210526,0.3117505995203837,0.33534898397071816,None,None,1.0,None,None,1.0
Feldman-SVM-DIavgall,lambda=0.9,8,0.6541828793774319,0.4814410480349345,0.7929824561403509,0.6372117520876427,0.2902318036077186,0.9139001759865846,0.9139001759865846,0.9711795430117062,0.6709511568123393,0.6502699460107978,0.6606105514115685,1.0318040391200827,1.0318040391200827,1.0206812108015415,1.0206812108015415,0.6472754050073638,0.667621776504298,0.657448590755831,0.9695241044960085,0.9695241044960085,0.9796536285030658,0.9796536285030658,0.6491458607095927,0.6685393258426966,0.6588425932761446,None,None,1.0,None,None,1.0,0.46511627906976744,0.4841168996188056,0.4746165893442865,0.9607519990233778,0.9607519990233778,0.9809993794509618,0.9809993794509618,0.5369532428355958,0.3359683794466403,0.436460811141118,1.5982255345577143,1.5982255345577143,1.2009848633889555,1.2009848633889555,0.5194986072423399,0.3434343434343434,0.43146647533834165,None,None,1.0,None,None,1.0,0.7730769230769231,0.7988636363636363,0.7859702797202797,0.9677207571944415,0.9677207571944415,0.9742132867132868,0.9742132867132868,0.7525179856115108,0.8561797752808988,0.8043488804462049,0.8789252062916597,0.8789252062916597,0.896338210330612,0.896338210330612,0.7649253731343284,0.8601190476190477,0.812522210376688,None,None,1.0,None,None,1.0,0.2269230769230769,0.20113636363636367,0.21402972027972028,1.128205128205128,1.128205128205128,1.0257867132867133,1.0257867132867133,0.24748201438848916,0.14382022471910116,0.19565111955379516,1.7207733812949633,1.7207733812949633,1.1036617896693879,1.1036617896693879,0.2350746268656716,0.13988095238095233,0.18747778962331196,None,None,1.0,None,None,1.0,0.5348837209302326,0.5158831003811943,0.5253834106557135,1.0368312521480125,1.0368312521480125,1.0190006205490383,1.0190006205490383,0.46304675716440424,0.6640316205533596,0.5635391888588819,0.6973263664440136,0.6973263664440136,0.7990151366110446,0.7990151366110446,0.48050139275766013,0.6565656565656566,0.5685335246616583,None,None,1.0,None,None,1.0,0.5042016806722689,0.6827956989247311,0.5934986897985,0.7384371071263152,0.7384371071263152,0.8214059817475378,0.8214059817475378,0.6742424242424242,0.5704697986577181,0.6223561114500711,1.1819073083778966,1.1819073083778966,1.103772625584706,1.103772625584706,0.6637010676156584,0.591304347826087,0.6275027077208727,None,None,1.0,None,None,1.0,0.25555555555555554,0.36609558160504957,0.3108255685803025,0.6980569239189929,0.6980569239189929,0.889459973950506,0.889459973950506,0.36987951807228914,0.30601092896174864,0.3379452235170189,1.2087134251290876,1.2087134251290876,1.0638685891105406,1.0638685891105406,0.359375,0.31026252983293556,0.3348187649164678,None,None,1.0,None,None,1.0
Feldman-SVM-DIavgall,lambda=0.95,8,0.6551556420233463,0.4814410480349345,0.7947368421052632,0.6380889450700988,0.2923077596051671,0.9171875866915722,0.9171875866915722,0.9723793030596966,0.6709511568123393,0.6514697060587883,0.6612104314355638,1.029903847519493,1.029903847519493,1.019481450753551,1.019481450753551,0.6487481590574374,0.667621776504298,0.6581849677808678,0.9717300751547024,0.9717300751547024,0.9811263825531394,0.9811263825531394,0.6504599211563732,0.6685393258426966,0.659499623499535,None,None,1.0,None,None,1.0,0.46511627906976744,0.4841168996188056,0.4746165893442865,0.9607519990233778,0.9607519990233778,0.9809993794509618,0.9809993794509618,0.5369532428355958,0.3359683794466403,0.436460811141118,1.5982255345577143,1.5982255345577143,1.2009848633889555,1.2009848633889555,0.5194986072423399,0.3434343434343434,0.43146647533834165,None,None,1.0,None,None,1.0,0.7730769230769231,0.8011363636363636,0.7871066433566434,0.964975450081833,0.964975450081833,0.9719405594405595,0.9719405594405595,0.7553956834532374,0.8561797752808988,0.8057877293670681,0.8822862969466946,0.8822862969466946,0.8992159081723385,0.8992159081723385,0.7674129353233831,0.8601190476190477,0.8137659914712154,None,None,1.0,None,None,1.0,0.2269230769230769,0.19886363636363635,0.21289335664335662,1.141098901098901,1.141098901098901,1.0280594405594405,1.0280594405594405,0.24460431654676262,0.14382022471910116,0.1942122706329319,1.7007643884892083,1.7007643884892083,1.1007840918276615,1.1007840918276615,0.23258706467661694,0.13988095238095233,0.18623400852878463,None,None,1.0,None,None,1.0,0.5348837209302326,0.5158831003811943,0.5253834106557135,1.0368312521480125,1.0368312521480125,1.0190006205490383,1.0190006205490383,0.46304675716440424,0.6640316205533596,0.5635391888588819,0.6973263664440136,0.6973263664440136,0.7990151366110446,0.7990151366110446,0.48050139275766013,0.6565656565656566,0.5685335246616583,None,None,1.0,None,None,1.0,0.5042016806722689,0.685251798561151,0.59472673961671,0.7357903791437835,0.7357903791437835,0.8189498821111179,0.8189498821111179,0.6768060836501901,0.5704697986577181,0.6236379411539541,1.1864012525162158,1.1864012525162158,1.106336284992472,1.106336284992472,0.6660714285714285,0.591304347826087,0.6286878881987578,None,None,1.0,None,None,1.0,0.25555555555555554,0.36543654365436545,0.31049604960496047,0.6993158182813355,0.6993158182813355,0.8901190119011901,0.8901190119011901,0.36899038461538464,0.30601092896174864,0.33750065678856667,1.205807864010989,1.205807864010989,1.062979455653636,1.062979455653636,0.3586278586278586,0.31026252983293556,0.3344451942303971,None,None,1.0,None,None,1.0
Feldman-SVM-DIavgall,lambda=1.0,8,0.6551556420233463,0.4814410480349345,0.7947368421052632,0.6380889450700988,0.2923077596051671,0.9171875866915722,0.9171875866915722,0.9723793030596966,0.6709511568123393,0.6514697060587883,0.6612104314355638,1.029903847519493,1.029903847519493,1.019481450753551,1.019481450753551,0.6487481590574374,0.667621776504298,0.6581849677808678,0.9717300751547024,0.9717300751547024,0.9811263825531394,0.9811263825531394,0.6504599211563732,0.6685393258426966,0.659499623499535,None,None,1.0,None,None,1.0,0.46511627906976744,0.4841168996188056,0.4746165893442865,0.9607519990233778,0.9607519990233778,0.9809993794509618,0.9809993794509618,0.5369532428355958,0.3359683794466403,0.436460811141118,1.5982255345577143,1.5982255345577143,1.2009848633889555,1.2009848633889555,0.5194986072423399,0.3434343434343434,0.43146647533834165,None,None,1.0,None,None,1.0,0.7730769230769231,0.8011363636363636,0.7871066433566434,0.964975450081833,0.964975450081833,0.9719405594405595,0.9719405594405595,0.7553956834532374,0.8561797752808988,0.8057877293670681,0.8822862969466946,0.8822862969466946,0.8992159081723385,0.8992159081723385,0.7674129353233831,0.8601190476190477,0.8137659914712154,None,None,1.0,None,None,1.0,0.2269230769230769,0.19886363636363635,0.21289335664335662,1.141098901098901,1.141098901098901,1.0280594405594405,1.0280594405594405,0.24460431654676262,0.14382022471910116,0.1942122706329319,1.7007643884892083,1.7007643884892083,1.1007840918276615,1.1007840918276615,0.23258706467661694,0.13988095238095233,0.18623400852878463,None,None,1.0,None,None,1.0,0.5348837209302326,0.5158831003811943,0.5253834106557135,1.0368312521480125,1.0368312521480125,1.0190006205490383,1.0190006205490383,0.46304675716440424,0.6640316205533596,0.5635391888588819,0.6973263664440136,0.6973263664440136,0.7990151366110446,0.7990151366110446,0.48050139275766013,0.6565656565656566,0.5685335246616583,None,None,1.0,None,None,1.0,0.5042016806722689,0.685251798561151,0.59472673961671,0.7357903791437835,0.7357903791437835,0.8189498821111179,0.8189498821111179,0.6768060836501901,0.5704697986577181,0.6236379411539541,1.1864012525162158,1.1864012525162158,1.106336284992472,1.106336284992472,0.6660714285714285,0.591304347826087,0.6286878881987578,None,None,1.0,None,None,1.0,0.25555555555555554,0.36543654365436545,0.31049604960496047,0.6993158182813355,0.6993158182813355,0.8901190119011901,0.8901190119011901,0.36899038461538464,0.30601092896174864,0.33750065678856667,1.205807864010989,1.205807864010989,1.062979455653636,1.062979455653636,0.3586278586278586,0.31026252983293556,0.3344451942303971,None,None,1.0,None,None,1.0
Feldman-SVM-DIavgall,lambda=0.0,9,0.6857976653696498,0.5254777070063694,0.8213644524236984,0.673421079715034,0.3654530908060915,0.587157376039421,0.587157376039421,0.849068288014412,0.7094240837696335,0.6804062126642771,0.6949151482169553,1.0426478632400058,1.0426478632400058,1.0290178711053564,1.0290178711053564,0.6845151953690304,0.6884272997032641,0.6864712475361472,0.9943173312041519,0.9943173312041519,0.9960878956657663,0.9960878956657663,0.6830213040671401,0.6942800788954635,0.6886506914813018,None,None,1.0,None,None,1.0,0.39097744360902253,0.5475896168108776,0.46928353020995006,0.7139971825726845,0.7139971825726845,0.843387826798145,0.843387826798145,0.5771513353115727,0.39552238805970147,0.48633686168563706,1.459212810033033,1.459212810033033,1.1816289472518713,1.1816289472518713,0.5512995896032832,0.43601895734597157,0.49365927347462735,None,None,1.0,None,None,1.0,0.8795180722891566,0.8046242774566474,0.842071174872902,1.0930792134053453,1.0930792134053453,1.074893794832509,1.074893794832509,0.786723163841808,0.8817733990147784,0.8342482814282932,0.8922055992172458,0.8922055992172458,0.9049497648270296,0.9049497648270296,0.8007334963325183,0.8783783783783784,0.8395559373554484,None,None,1.0,None,None,1.0,0.12048192771084343,0.19537572254335256,0.157928825127098,0.6166678548513586,0.6166678548513586,0.9251062051674909,0.9251062051674909,0.21327683615819204,0.11822660098522164,0.16575171857170684,1.8039665725047083,1.8039665725047083,1.0950502351729705,1.0950502351729705,0.19926650366748166,0.1216216216216216,0.16044406264455163,None,None,1.0,None,None,1.0,0.6090225563909775,0.4524103831891224,0.5307164697900499,1.3461728090718599,1.3461728090718599,1.156612173201855,1.156612173201855,0.4228486646884273,0.6044776119402986,0.5136631383143629,0.6995274205956697,0.6995274205956697,0.8183710527481287,0.8183710527481287,0.4487004103967168,0.5639810426540284,0.5063407265253725,None,None,1.0,None,None,1.0,0.6341463414634146,0.7238562091503268,0.6790012753068707,0.8760667290645818,0.8760667290645818,0.9102901323130879,0.9102901323130879,0.7203703703703703,0.6883116883116883,0.7043410293410293,1.046575821104123,1.046575821104123,1.0320586820586821,1.0320586820586821,0.7120141342756183,0.71875,0.7153820671378092,None,None,1.0,None,None,1.0,0.27,0.3446327683615819,0.307316384180791,0.7834426229508198,0.7834426229508198,0.925367231638418,0.925367231638418,0.33847980997624705,0.31153846153846154,0.3250091357573543,1.0864784023928917,1.0864784023928917,1.0269413484377856,1.0269413484377856,0.3336724313326551,0.31398416886543534,0.32382830009904523,None,None,1.0,None,None,1.0
Feldman-SVM-DIavgall,lambda=0.05,9,0.6857976653696498,0.5254777070063694,0.8213644524236984,0.673421079715034,0.3654530908060915,0.587157376039421,0.587157376039421,0.849068288014412,0.7094240837696335,0.6804062126642771,0.6949151482169553,1.0426478632400058,1.0426478632400058,1.0290178711053564,1.0290178711053564,0.6845151953690304,0.6884272997032641,0.6864712475361472,0.9943173312041519,0.9943173312041519,0.9960878956657663,0.9960878956657663,0.6830213040671401,0.6942800788954635,0.6886506914813018,None,None,1.0,None,None,1.0,0.39097744360902253,0.5475896168108776,0.46928353020995006,0.7139971825726845,0.7139971825726845,0.843387826798145,0.843387826798145,0.5771513353115727,0.39552238805970147,0.48633686168563706,1.459212810033033,1.459212810033033,1.1816289472518713,1.1816289472518713,0.5512995896032832,0.43601895734597157,0.49365927347462735,None,None,1.0,None,None,1.0,0.8795180722891566,0.8046242774566474,0.842071174872902,1.0930792134053453,1.0930792134053453,1.074893794832509,1.074893794832509,0.786723163841808,0.8817733990147784,0.8342482814282932,0.8922055992172458,0.8922055992172458,0.9049497648270296,0.9049497648270296,0.8007334963325183,0.8783783783783784,0.8395559373554484,None,None,1.0,None,None,1.0,0.12048192771084343,0.19537572254335256,0.157928825127098,0.6166678548513586,0.6166678548513586,0.9251062051674909,0.9251062051674909,0.21327683615819204,0.11822660098522164,0.16575171857170684,1.8039665725047083,1.8039665725047083,1.0950502351729705,1.0950502351729705,0.19926650366748166,0.1216216216216216,0.16044406264455163,None,None,1.0,None,None,1.0,0.6090225563909775,0.4524103831891224,0.5307164697900499,1.3461728090718599,1.3461728090718599,1.156612173201855,1.156612173201855,0.4228486646884273,0.6044776119402986,0.5136631383143629,0.6995274205956697,0.6995274205956697,0.8183710527481287,0.8183710527481287,0.4487004103967168,0.5639810426540284,0.5063407265253725,None,None,1.0,None,None,1.0,0.6341463414634146,0.7238562091503268,0.6790012753068707,0.8760667290645818,0.8760667290645818,0.9102901323130879,0.9102901323130879,0.7203703703703703,0.6883116883116883,0.7043410293410293,1.046575821104123,1.046575821104123,1.0320586820586821,1.0320586820586821,0.7120141342756183,0.71875,0.7153820671378092,None,None,1.0,None,None,1.0,0.27,0.3446327683615819,0.307316384180791,0.7834426229508198,0.7834426229508198,0.925367231638418,0.925367231638418,0.33847980997624705,0.31153846153846154,0.3250091357573543,1.0864784023928917,1.0864784023928917,1.0269413484377856,1.0269413484377856,0.3336724313326551,0.31398416886543534,0.32382830009904523,None,None,1.0,None,None,1.0
Feldman-SVM-DIavgall,lambda=0.1,9,0.6853112840466926,0.524416135881104,0.8213644524236984,0.6728902941524012,0.3644635579088897,0.5881183537416133,0.5881183537416133,0.8496656595795256,0.7094240837696335,0.6798088410991637,0.6946164624343987,1.0435640740161392,1.0435640740161392,1.0296152426704697,1.0296152426704697,0.6837916063675832,0.6884272997032641,0.6861094530354237,0.9932662558011877,0.9932662558011877,0.9953643066643191,0.9953643066643191,0.6823757262750162,0.6942800788954635,0.6883279025852398,None,None,1.0,None,None,1.0,0.39097744360902253,0.546353522867738,0.46866548323838025,0.7156125608137991,0.7156125608137991,0.8446239207412846,0.8446239207412846,0.5756676557863502,0.39552238805970147,0.48559502192302584,1.4554616202900175,1.4554616202900175,1.1801452677266486,1.1801452677266486,0.5499316005471956,0.43601895734597157,0.49297527894658355,None,None,1.0,None,None,1.0,0.8795180722891566,0.8046242774566474,0.842071174872902,1.0930792134053453,1.0930792134053453,1.074893794832509,1.074893794832509,0.786723163841808,0.8817733990147784,0.8342482814282932,0.8922055992172458,0.8922055992172458,0.9049497648270296,0.9049497648270296,0.8007334963325183,0.8783783783783784,0.8395559373554484,None,None,1.0,None,None,1.0,0.12048192771084343,0.19537572254335256,0.157928825127098,0.6166678548513586,0.6166678548513586,0.9251062051674909,0.9251062051674909,0.21327683615819204,0.11822660098522164,0.16575171857170684,1.8039665725047083,1.8039665725047083,1.0950502351729705,1.0950502351729705,0.19926650366748166,0.1216216216216216,0.16044406264455163,None,None,1.0,None,None,1.0,0.6090225563909775,0.453646477132262,0.5313345167616197,1.3425047632705744,1.3425047632705744,1.1553760792587155,1.1553760792587155,0.42433234421364985,0.6044776119402986,0.5144049780769742,0.7019819027731984,0.7019819027731984,0.8198547322733513,0.8198547322733513,0.4500683994528044,0.5639810426540284,0.5070247210534164,None,None,1.0,None,None,1.0,0.6341463414634146,0.723404255319149,0.6787752983912818,0.8766140602582496,0.8766140602582496,0.9107420861442657,0.9107420861442657,0.7198515769944341,0.6883116883116883,0.7040816326530612,1.045822102425876,1.045822102425876,1.0315398886827458,1.0315398886827458,0.7115044247787611,0.71875,0.7151272123893806,None,None,1.0,None,None,1.0,0.27,0.34524929444967073,0.3076246472248354,0.7820435967302453,0.7820435967302453,0.9247507055503292,0.9247507055503292,0.33926453143534996,0.31153846153846154,0.32540149648690575,1.0889972613974197,1.0889972613974197,1.0277260698968884,1.0277260698968884,0.33434959349593496,0.31398416886543534,0.32416688118068515,None,None,1.0,None,None,1.0
Feldman-SVM-DIavgall,lambda=0.15,9,0.6853112840466926,0.5265392781316348,0.8195691202872532,0.673054199209444,0.36429571851000403,0.5923819431417023,0.5923819431417023,0.8504913459313054,0.7068062827225131,0.6804062126642771,0.6936062476933951,1.0388004541505593,1.0388004541505593,1.0264000700582359,1.0264000700582359,0.6845151953690304,0.6869436201780416,0.685729407773536,0.9964648848352623,0.9964648848352623,0.9975715751909888,0.9975715751909888,0.6823757262750162,0.6942800788954635,0.6883279025852398,None,None,1.0,None,None,1.0,0.39097744360902253,0.5488257107540173,0.4699015771815199,0.7123890808101334,0.7123890808101334,0.8421517328550052,0.8421517328550052,0.5801186943620178,0.3917910447761194,0.48595486956906864,1.4806839056097216,1.4806839056097216,1.1883276495858983,1.1883276495858983,0.5540355677154583,0.4312796208530806,0.4926575942842694,None,None,1.0,None,None,1.0,0.8755020080321285,0.8034682080924855,0.839485108062307,1.0896535783421455,1.0896535783421455,1.072033799939643,1.072033799939643,0.7838983050847458,0.8817733990147784,0.8328358520497621,0.8890019884480637,0.8890019884480637,0.9021249060699674,0.9021249060699674,0.7970660146699267,0.8817567567567568,0.8394113857133417,None,None,1.0,None,None,1.0,0.12449799196787148,0.19653179190751446,0.16051489193769297,0.633475076777699,0.633475076777699,0.927966200060357,0.927966200060357,0.21610169491525422,0.11822660098522164,0.16716414795023793,1.8278601694915257,1.8278601694915257,1.0978750939300326,1.0978750939300326,0.20293398533007334,0.1182432432432432,0.16058861428665827,None,None,1.0,None,None,1.0,0.6090225563909775,0.4511742892459827,0.5300984228184801,1.3498609537542487,1.3498609537542487,1.1578482671449948,1.1578482671449948,0.4198813056379822,0.6082089552238805,0.5140451304309314,0.6903569933188911,0.6903569933188911,0.8116723504141017,0.8116723504141017,0.44596443228454175,0.5687203791469194,0.5073424057157305,None,None,1.0,None,None,1.0,0.6265060240963856,0.7231270358306189,0.6748165299635023,0.8663844567459026,0.8663844567459026,0.9033789882657667,0.9033789882657667,0.71875,0.6862745098039216,0.7025122549019608,1.0473214285714285,1.0473214285714285,1.0324754901960784,1.0324754901960784,0.7092819614711033,0.7222222222222222,0.7157520918466628,None,None,1.0,None,None,1.0,0.2709030100334448,0.3443396226415094,0.30762131633747714,0.7867320291382233,0.7867320291382233,0.9265633873919354,0.9265633873919354,0.33770883054892603,0.31285988483685223,0.3252843576928891,1.0794251577668126,1.0794251577668126,1.0248489457120737,1.0248489457120737,0.3333333333333333,0.31496062992125984,0.3241469816272966,None,None,1.0,None,None,1.0
Feldman-SVM-DIavgall,lambda=0.2,9,0.683852140077821,0.5222929936305732,0.8204667863554758,0.6713798899930246,0.36140792351970463,0.58908248219037,0.58908248219037,0.850263031144639,0.7094240837696335,0.6780167264038232,0.6937204050867283,1.046322393154508,1.046322393154508,1.0314073573658105,1.0314073573658105,0.6823444283646889,0.6869436201780416,0.6846440242713652,0.9933048482025925,0.9933048482025925,0.9954008081866473,0.9954008081866473,0.6810845706907682,0.6923076923076923,0.6866961314992303,None,None,1.0,None,None,1.0,0.39097744360902253,0.5438813349814586,0.4674293892952406,0.7188653451811345,0.7188653451811345,0.8470961086275639,0.8470961086275639,0.5741839762611276,0.3917910447761194,0.48298751051862354,1.465536244171259,1.465536244171259,1.1823929314850081,1.1823929314850081,0.5485636114911081,0.4312796208530806,0.48992161617209434,None,None,1.0,None,None,1.0,0.8795180722891566,0.8034682080924855,0.841493140190821,1.094651989251972,1.094651989251972,1.076049864196671,1.076049864196671,0.7853107344632768,0.8817733990147784,0.8335420667390276,0.8906037938326546,0.8906037938326546,0.9035373354484985,0.9035373354484985,0.7995110024449877,0.8783783783783784,0.8389446904116831,None,None,1.0,None,None,1.0,0.12048192771084343,0.19653179190751446,0.15850685980917895,0.6130403968816445,0.6130403968816445,0.923950135803329,0.923950135803329,0.21468926553672318,0.11822660098522164,0.1664579332609724,1.8159133709981174,1.8159133709981174,1.0964626645515017,1.0964626645515017,0.20048899755501226,0.1216216216216216,0.16105530958831693,None,None,1.0,None,None,1.0,0.6090225563909775,0.45611866501854137,0.5325706107047594,1.3352283146891621,1.3352283146891621,1.152903891372436,1.152903891372436,0.4258160237388724,0.6082089552238805,0.5170124894813765,0.7001146893375326,0.7001146893375326,0.8176070685149919,0.8176070685149919,0.4514363885088919,0.5687203791469194,0.5100783838279057,None,None,1.0,None,None,1.0,0.6341463414634146,0.7213114754098361,0.6777289084366254,0.8791574279379157,0.8791574279379157,0.9128348660535786,0.9128348660535786,0.7179962894248608,0.6862745098039216,0.7021353996143912,1.0462231645905116,1.0462231645905116,1.0317217796209392,1.0317217796209392,0.7097345132743362,0.7165354330708661,0.7131349731726011,None,None,1.0,None,None,1.0,0.27,0.3468045112781955,0.30840225563909773,0.7785365853658537,0.7785365853658537,0.9231954887218046,0.9231954887218046,0.3404507710557533,0.31285988483685223,0.32665532794630275,1.0881892743561192,1.0881892743561192,1.027590886218901,1.027590886218901,0.3353658536585366,0.3157894736842105,0.32557766367137353,None,None,1.0,None,None,1.0
Feldman-SVM-DIavgall,lambda=0.25,9,0.6843385214007782,0.5222929936305732,0.8213644524236984,0.6718287230271358,0.36248367787286345,0.5900497769066103,0.5900497769066103,0.8508604027097525,0.7094240837696335,0.6786140979689367,0.6940190908692851,1.0454013347098297,1.0454013347098297,1.0308099858006967,1.0308099858006967,0.683068017366136,0.6869436201780416,0.6850058187720888,0.9943581937468157,0.9943581937468157,0.9961243971880944,0.9961243971880944,0.6817301484828922,0.6923076923076923,0.6870189203952922,None,None,1.0,None,None,1.0,0.39097744360902253,0.5438813349814586,0.4674293892952406,0.7188653451811345,0.7188653451811345,0.8470961086275639,0.8470961086275639,0.5741839762611276,0.3917910447761194,0.48298751051862354,1.465536244171259,1.465536244171259,1.1823929314850081,1.1823929314850081,0.5485636114911081,0.4312796208530806,0.48992161617209434,None,None,1.0,None,None,1.0,0.8795180722891566,0.8046242774566474,0.842071174872902,1.0930792134053453,1.0930792134053453,1.074893794832509,1.074893794832509,0.786723163841808,0.8817733990147784,0.8342482814282932,0.8922055992172458,0.8922055992172458,0.9049497648270296,0.9049497648270296,0.8007334963325183,0.8783783783783784,0.8395559373554484,None,None,1.0,None,None,1.0,0.12048192771084343,0.19537572254335256,0.157928825127098,0.6166678548513586,0.6166678548513586,0.9251062051674909,0.9251062051674909,0.21327683615819204,0.11822660098522164,0.16575171857170684,1.8039665725047083,1.8039665725047083,1.0950502351729705,1.0950502351729705,0.19926650366748166,0.1216216216216216,0.16044406264455163,None,None,1.0,None,None,1.0,0.6090225563909775,0.45611866501854137,0.5325706107047594,1.3352283146891621,1.3352283146891621,1.152903891372436,1.152903891372436,0.4258160237388724,0.6082089552238805,0.5170124894813765,0.7001146893375326,0.7001146893375326,0.8176070685149919,0.8176070685149919,0.4514363885088919,0.5687203791469194,0.5100783838279057,None,None,1.0,None,None,1.0,0.6341463414634146,0.722495894909688,0.6783211181865514,0.8777161862527716,0.8777161862527716,0.9116504465537266,0.9116504465537266,0.7193308550185874,0.6862745098039216,0.7028026824112545,1.0481678173127988,1.0481678173127988,1.033056345214666,1.033056345214666,0.7109929078014184,0.7165354330708661,0.7137641704361423,None,None,1.0,None,None,1.0,0.27,0.3464788732394366,0.3082394366197183,0.779268292682927,0.779268292682927,0.9235211267605634,0.9235211267605634,0.3400473933649289,0.31285988483685223,0.32645363910089054,1.086899950571337,1.086899950571337,1.0271875085280766,1.0271875085280766,0.3350253807106599,0.3157894736842105,0.3254074271974352,None,None,1.0,None,None,1.0
Feldman-SVM-DIavgall,lambda=0.3,9,0.6896887159533074,0.5276008492569002,0.8267504488330341,0.6771756490449672,0.3738971715454671,0.6074335182209321,0.6074335182209321,0.8578881194993339,0.7094240837696335,0.6851851851851852,0.6973046344774094,1.0353756898259516,1.0353756898259516,1.0242388985844482,1.0242388985844482,0.6888567293777135,0.6913946587537092,0.6901256940657113,0.9963292609454483,0.9963292609454483,0.9974620706240043,0.9974620706240043,0.6868947708198838,0.6982248520710059,0.6925598114454449,None,None,1.0,None,None,1.0,0.39849624060150374,0.5488257107540173,0.47366097567776055,0.7260888708257128,0.7260888708257128,0.8496705298474865,0.8496705298474865,0.5771513353115727,0.40298507462686567,0.4900682049692192,1.4321903505879767,1.4321903505879767,1.174166260684707,1.174166260684707,0.5526675786593708,0.44075829383886256,0.49671293624911667,None,None,1.0,None,None,1.0,0.8755020080321285,0.8127167630057803,0.8441093855189544,1.0772535376213246,1.0772535376213246,1.0627852450263482,1.0627852450263482,0.7951977401129944,0.8817733990147784,0.8384855695638864,0.9018164315247925,0.9018164315247925,0.913424341098216,0.913424341098216,0.8068459657701712,0.8817567567567568,0.844301361263464,None,None,1.0,None,None,1.0,0.12449799196787148,0.18728323699421967,0.15589061448104558,0.6647577966185729,0.6647577966185729,0.9372147549736518,0.9372147549736518,0.20480225988700562,0.11822660098522164,0.16151443043611363,1.7322857815442563,1.7322857815442563,1.086575658901784,1.086575658901784,0.1931540342298288,0.1182432432432432,0.155698638736536,None,None,1.0,None,None,1.0,0.6015037593984962,0.4511742892459827,0.5263390243222394,1.3331960037078998,1.3331960037078998,1.1503294701525135,1.1503294701525135,0.4228486646884273,0.5970149253731343,0.5099317950307808,0.7082715133531158,0.7082715133531158,0.825833739315293,0.825833739315293,0.4473324213406292,0.5592417061611374,0.5032870637508833,None,None,1.0,None,None,1.0,0.6309523809523809,0.7326732673267327,0.6818128241395568,0.8611647361647361,0.8611647361647361,0.8982791136256483,0.8982791136256483,0.7284644194756554,0.6923076923076923,0.7103860558916739,1.0522263836870578,1.0522263836870578,1.0361567271679633,1.0361567271679633,0.7188612099644128,0.7265625,0.7227118549822065,None,None,1.0,None,None,1.0,0.2684563758389262,0.34176029962546817,0.30510833773219714,0.7855107106738991,0.7855107106738991,0.926696076213458,0.926696076213458,0.33608490566037735,0.3088803088803089,0.3224826072703431,1.0880748820754718,1.0880748820754718,1.0272045967800685,1.0272045967800685,0.331306990881459,0.3113456464379947,0.32132631865972683,None,None,1.0,None,None,1.0
Feldman-SVM-DIavgall,lambda=0.35,9,0.6896887159533074,0.5276008492569002,0.8267504488330341,0.6771756490449672,0.3738971715454671,0.6074335182209321,0.6074335182209321,0.8578881194993339,0.7094240837696335,0.6851851851851852,0.6973046344774094,1.0353756898259516,1.0353756898259516,1.0242388985844482,1.0242388985844482,0.6888567293777135,0.6913946587537092,0.6901256940657113,0.9963292609454483,0.9963292609454483,0.9974620706240043,0.9974620706240043,0.6868947708198838,0.6982248520710059,0.6925598114454449,None,None,1.0,None,None,1.0,0.39849624060150374,0.5488257107540173,0.47366097567776055,0.7260888708257128,0.7260888708257128,0.8496705298474865,0.8496705298474865,0.5771513353115727,0.40298507462686567,0.4900682049692192,1.4321903505879767,1.4321903505879767,1.174166260684707,1.174166260684707,0.5526675786593708,0.44075829383886256,0.49671293624911667,None,None,1.0,None,None,1.0,0.8755020080321285,0.8127167630057803,0.8441093855189544,1.0772535376213246,1.0772535376213246,1.0627852450263482,1.0627852450263482,0.7951977401129944,0.8817733990147784,0.8384855695638864,0.9018164315247925,0.9018164315247925,0.913424341098216,0.913424341098216,0.8068459657701712,0.8817567567567568,0.844301361263464,None,None,1.0,None,None,1.0,0.12449799196787148,0.18728323699421967,0.15589061448104558,0.6647577966185729,0.6647577966185729,0.9372147549736518,0.9372147549736518,0.20480225988700562,0.11822660098522164,0.16151443043611363,1.7322857815442563,1.7322857815442563,1.086575658901784,1.086575658901784,0.1931540342298288,0.1182432432432432,0.155698638736536,None,None,1.0,None,None,1.0,0.6015037593984962,0.4511742892459827,0.5263390243222394,1.3331960037078998,1.3331960037078998,1.1503294701525135,1.1503294701525135,0.4228486646884273,0.5970149253731343,0.5099317950307808,0.7082715133531158,0.7082715133531158,0.825833739315293,0.825833739315293,0.4473324213406292,0.5592417061611374,0.5032870637508833,None,None,1.0,None,None,1.0,0.6309523809523809,0.7326732673267327,0.6818128241395568,0.8611647361647361,0.8611647361647361,0.8982791136256483,0.8982791136256483,0.7284644194756554,0.6923076923076923,0.7103860558916739,1.0522263836870578,1.0522263836870578,1.0361567271679633,1.0361567271679633,0.7188612099644128,0.7265625,0.7227118549822065,None,None,1.0,None,None,1.0,0.2684563758389262,0.34176029962546817,0.30510833773219714,0.7855107106738991,0.7855107106738991,0.926696076213458,0.926696076213458,0.33608490566037735,0.3088803088803089,0.3224826072703431,1.0880748820754718,1.0880748820754718,1.0272045967800685,1.0272045967800685,0.331306990881459,0.3113456464379947,0.32132631865972683,None,None,1.0,None,None,1.0
Feldman-SVM-DIavgall,lambda=0.4,9,0.6901750972762646,0.5265392781316348,0.8285457809694794,0.677542529550557,0.3750769303960537,0.6104555755255138,0.6104555755255138,0.8596802341946743,0.7094240837696335,0.6857825567502986,0.6976033202599661,1.034473794625755,1.034473794625755,1.0236415270193349,1.0236415270193349,0.6888567293777135,0.6928783382789317,0.6908675338283226,0.9941957935772567,0.9941957935772567,0.9959783910987817,0.9959783910987817,0.6868947708198838,0.7001972386587771,0.6935460047393305,None,None,1.0,None,None,1.0,0.39849624060150374,0.5475896168108776,0.4730429287061907,0.7277278976221593,0.7277278976221593,0.8509066237906262,0.8509066237906262,0.5756676557863502,0.40298507462686567,0.4893263652066079,1.4285086273216838,1.4285086273216838,1.1726825811594845,1.1726825811594845,0.5512995896032832,0.44075829383886256,0.49602894172107287,None,None,1.0,None,None,1.0,0.8755020080321285,0.815028901734104,0.8452654548831162,1.0741974992167251,1.0741974992167251,1.0604731062980246,1.0604731062980246,0.7966101694915254,0.8842364532019704,0.8404233113467479,0.9009017515698031,0.9009017515698031,0.912373716289555,0.912373716289555,0.8080684596577017,0.8851351351351351,0.8466017973964184,None,None,1.0,None,None,1.0,0.12449799196787148,0.18497109826589597,0.15473454511688373,0.6730672690763051,0.6730672690763051,0.9395268937019755,0.9395268937019755,0.2033898305084746,0.11576354679802958,0.15957668865325209,1.7569419401370354,1.7569419401370354,1.0876262837104451,1.0876262837104451,0.1919315403422983,0.11486486486486491,0.1533982026035816,None,None,1.0,None,None,1.0,0.6015037593984962,0.4524103831891224,0.5269570712938093,1.3295533916759108,1.3295533916759108,1.1490933762093738,1.1490933762093738,0.42433234421364985,0.5970149253731343,0.510673634793392,0.7107566765578636,0.7107566765578636,0.8273174188405156,0.8273174188405156,0.4487004103967168,0.5592417061611374,0.5039710582789272,None,None,1.0,None,None,1.0,0.6309523809523809,0.7346600331674958,0.6828062070599383,0.8588358594001935,0.8588358594001935,0.8962923477848851,0.8962923477848851,0.7293233082706767,0.6967741935483871,0.7130487509095319,1.0467140072403232,1.0467140072403232,1.0325491147222896,1.0325491147222896,0.7196428571428571,0.7322834645669292,0.7259631608548931,None,None,1.0,None,None,1.0,0.2684563758389262,0.34173669467787116,0.30509653525839864,0.7855649686434151,0.7855649686434151,0.926719681161055,0.926719681161055,0.33647058823529413,0.30828516377649323,0.3223778760058937,1.0914264705882355,1.0914264705882355,1.028185424458801,1.028185424458801,0.3316481294236603,0.3105263157894737,0.32108722260656697,None,None,1.0,None,None,1.0
Feldman-SVM-DIavgall,lambda=0.45,9,0.691147859922179,0.529723991507431,0.8276481149012568,0.6786860532043439,0.37694965433612565,0.6064328040228745,0.6064328040228745,0.8572907479342203,0.7094240837696335,0.6869772998805257,0.6982006918250796,1.032674709765536,1.032674709765536,1.0224467838891078,1.0224467838891078,0.6895803183791607,0.6943620178041543,0.6919711680916575,0.9931135354434921,0.9931135354434921,0.9952183005750064,0.9952183005750064,0.6875403486120077,0.7021696252465484,0.694854986929278,None,None,1.0,None,None,1.0,0.39849624060150374,0.5512978986402967,0.47489706962090017,0.7228328669206648,0.7228328669206648,0.847198341961207,0.847198341961207,0.5786350148367952,0.40671641791044777,0.4926757163736215,1.4226989355620288,1.4226989355620288,1.1719185969263475,1.1719185969263475,0.5540355677154583,0.44549763033175355,0.4997665990236059,None,None,1.0,None,None,1.0,0.8755020080321285,0.8138728323699422,0.8446874202010354,1.0757233479372033,1.0757233479372033,1.0616291756621863,1.0616291756621863,0.7951977401129944,0.8842364532019704,0.8397170966574824,0.8993044080386511,0.8993044080386511,0.910961286911024,0.910961286911024,0.8068459657701712,0.8851351351351351,0.8459905504526531,None,None,1.0,None,None,1.0,0.12449799196787148,0.18612716763005777,0.15531257979896462,0.6688867270323531,0.6688867270323531,0.9383708243378137,0.9383708243378137,0.20480225988700562,0.11576354679802958,0.1602829033425176,1.7691429258324312,1.7691429258324312,1.089038713088976,1.089038713088976,0.1931540342298288,0.11486486486486491,0.15400944954734685,None,None,1.0,None,None,1.0,0.6015037593984962,0.44870210135970334,0.5251029303790997,1.3405414362352162,1.3405414362352162,1.152801658038793,1.152801658038793,0.42136498516320475,0.5932835820895522,0.5073242836263785,0.7102252580109363,0.7102252580109363,0.8280814030736525,0.8280814030736525,0.44596443228454175,0.5545023696682465,0.5002334009763941,None,None,1.0,None,None,1.0,0.6309523809523809,0.7347611202635914,0.6828567506079861,0.8587177023275678,0.8587177023275678,0.8961912606887895,0.8961912606887895,0.7289719626168224,0.6987179487179487,0.7138449556673856,1.0432993226442597,1.0432993226442597,1.0302540138988738,1.0302540138988738,0.7193605683836589,0.734375,0.7268677841918294,None,None,1.0,None,None,1.0,0.2684563758389262,0.3402061855670103,0.3043312807029682,0.7890990441326011,0.7890990441326011,0.9282501902719158,0.9282501902719158,0.33530106257378983,0.30694980694980695,0.3211254347617984,1.0923644680076927,1.0923644680076927,1.0283512556239829,1.0283512556239829,0.3306288032454361,0.3087071240105541,0.3196679636279951,None,None,1.0,None,None,1.0
Feldman-SVM-DIavgall,lambda=0.5,9,0.6872568093385214,0.5169851380042463,0.8312387791741472,0.6741119585891968,0.3694689256273448,0.6228506125920217,0.6228506125920217,0.8668486929760364,0.7094240837696335,0.6821983273596177,0.6958112055646256,1.0399088583453295,1.0399088583453295,1.0272257564100158,1.0272257564100158,0.6866859623733719,0.6884272997032641,0.687556631038318,0.9974705574130445,0.9974705574130445,0.9982586626701078,0.9982586626701078,0.6856036152356358,0.6923076923076923,0.6889556537716641,None,None,1.0,None,None,1.0,0.39849624060150374,0.5364647713226205,0.46748050596206214,0.7428190291396695,0.7428190291396695,0.8620314692788833,0.8620314692788833,0.5652818991097923,0.39552238805970147,0.48040214358474687,1.429203292088909,1.429203292088909,1.169759511050091,1.169759511050091,0.5430916552667578,0.4265402843601896,0.48481596981347375,None,None,1.0,None,None,1.0,0.8755020080321285,0.8184971098265896,0.8469995589293591,1.0696458148980101,1.0696458148980101,1.057004898205539,1.057004898205539,0.8022598870056498,0.8817733990147784,0.8420166430102141,0.909825458447748,0.909825458447748,0.9204864879908714,0.9204864879908714,0.812958435207824,0.8817567567567568,0.8473575959822903,None,None,1.0,None,None,1.0,0.12449799196787148,0.18150289017341037,0.15300044107064092,0.6859284270841328,0.6859284270841328,0.9429951017944611,0.9429951017944611,0.19774011299435024,0.11822660098522164,0.15798335698978594,1.6725517890772128,1.6725517890772128,1.0795135120091286,1.0795135120091286,0.18704156479217604,0.1182432432432432,0.15264240401770962,None,None,1.0,None,None,1.0,0.6015037593984962,0.4635352286773795,0.5325194940379379,1.297644110275689,1.297644110275689,1.1379685307211167,1.1379685307211167,0.4347181008902077,0.6044776119402986,0.5195978564152531,0.7191632780158991,0.7191632780158991,0.8302404889499091,0.8302404889499091,0.45690834473324216,0.5734597156398105,0.5151840301865263,None,None,1.0,None,None,1.0,0.6309523809523809,0.7343485617597293,0.682650471356055,0.8592001316655694,0.8592001316655694,0.8966038191926516,0.8966038191926516,0.7312859884836852,0.6883116883116883,0.7097988383976868,1.0624343606272408,1.0624343606272408,1.0429743001719969,1.0429743001719969,0.7218181818181818,0.72,0.7209090909090909,None,None,1.0,None,None,1.0,0.2684563758389262,0.3462603878116344,0.3073583818252803,0.7753020134228188,0.7753020134228188,0.9221959880272919,0.9221959880272919,0.3403019744483159,0.31153846153846154,0.3259202179933887,1.092327325389656,1.092327325389656,1.0287635129098542,1.0287635129098542,0.33433433433433435,0.31675392670157065,0.3255441305179525,None,None,1.0,None,None,1.0
Feldman-SVM-DIavgall,lambda=0.55,9,0.6945525291828794,0.5605095541401274,0.8078994614003591,0.6842045077702432,0.38220702140433005,0.7545966601325029,0.7545966601325029,0.9072041134192798,0.7120418848167539,0.6905615292712067,0.7013017070439803,1.0311056359716662,1.0311056359716662,1.0214803555455472,1.0214803555455472,0.6888567293777135,0.7062314540059347,0.6975440916918241,0.975397973950796,0.975397973950796,0.9826252753717788,0.9826252753717788,0.6894770819883796,0.7100591715976331,0.6997681267930064,None,None,1.0,None,None,1.0,0.49624060150375937,0.5710754017305315,0.5336580016171455,0.8689581095596133,0.8689581095596133,0.9251651997732279,0.9251651997732279,0.6053412462908012,0.44776119402985076,0.526551220160326,1.3519287833827893,1.3519287833827893,1.1575800522609505,1.1575800522609505,0.5896032831737346,0.4597156398104265,0.5246594614920805,None,None,1.0,None,None,1.0,0.8273092369477911,0.8023121387283237,0.8148106878380574,1.0311563255905465,1.0311563255905465,1.0249970982194674,1.0249970982194674,0.768361581920904,0.8768472906403941,0.822604436280649,0.8762775344378848,0.8762775344378848,0.8915142912805099,0.8915142912805099,0.7787286063569682,0.8885135135135135,0.8336210599352408,None,None,1.0,None,None,1.0,0.17269076305220887,0.19768786127167626,0.18518931216194257,0.8735526902933375,0.8735526902933375,0.9750029017805326,0.9750029017805326,0.23163841807909602,0.12315270935960587,0.17739556371935095,1.8809039548022604,1.8809039548022604,1.1084857087194901,1.1084857087194901,0.22127139364303183,0.11148648648648651,0.16637894006475917,None,None,1.0,None,None,1.0,0.5037593984962406,0.4289245982694685,0.46634199838285456,1.1744707590301402,1.1744707590301402,1.074834800226772,1.074834800226772,0.3946587537091988,0.5522388059701493,0.47344877983967404,0.7146523377977383,0.7146523377977383,0.8424199477390495,0.8424199477390495,0.41039671682626544,0.5402843601895735,0.47534053850791946,None,None,1.0,None,None,1.0,0.6055045871559633,0.7298578199052133,0.6676812035305884,0.8296199213630406,0.8296199213630406,0.8756467672507501,0.8756467672507501,0.7132867132867133,0.7058823529411765,0.709584533113945,1.0104895104895104,1.0104895104895104,1.0074043603455367,1.0074043603455367,0.704248366013072,0.7461538461538462,0.7252011060834591,None,None,1.0,None,None,1.0,0.2454212454212454,0.3333333333333333,0.28937728937728935,0.7362637362637363,0.7362637362637363,0.9120879120879121,0.9120879120879121,0.32839506172839505,0.29365079365079366,0.3110229276895944,1.1183183183183183,1.1183183183183183,1.0347442680776013,1.0347442680776013,0.32017075773745995,0.30238726790450926,0.3112790128209846,None,None,1.0,None,None,1.0
Feldman-SVM-DIavgall,lambda=0.6,9,0.6930933852140078,0.5605095541401274,0.8052064631956912,0.6828580086679092,0.3790814614198595,0.7510372419243307,0.7510372419243307,0.9054119987239393,0.7120418848167539,0.6887694145758662,0.70040564969631,1.0337884780427113,1.0337884780427113,1.0232724702408877,1.0232724702408877,0.6881331403762663,0.7032640949554896,0.6956986176658779,0.9784846764000074,0.9784846764000074,0.9848690454207767,0.9848690454207767,0.6888315041962556,0.7061143984220908,0.6974729513091732,None,None,1.0,None,None,1.0,0.49624060150375937,0.5710754017305315,0.5336580016171455,0.8689581095596133,0.8689581095596133,0.9251651997732279,0.9251651997732279,0.6053412462908012,0.44776119402985076,0.526551220160326,1.3519287833827893,1.3519287833827893,1.1575800522609505,1.1575800522609505,0.5896032831737346,0.4597156398104265,0.5246594614920805,None,None,1.0,None,None,1.0,0.8273092369477911,0.7988439306358381,0.8130765837918146,1.0356331258463667,1.0356331258463667,1.0284653063119529,1.0284653063119529,0.7669491525423728,0.8719211822660099,0.8194351674041913,0.8796083500909699,0.8796083500909699,0.8950279702763629,0.8950279702763629,0.7775061124694377,0.8817567567567568,0.8296314346130973,None,None,1.0,None,None,1.0,0.17269076305220887,0.20115606936416186,0.18692341620818537,0.8584914370124176,0.8584914370124176,0.971534693688047,0.971534693688047,0.23305084745762716,0.1280788177339901,0.18056483259580863,1.8195893089960897,1.8195893089960897,1.104972029723637,1.104972029723637,0.22249388753056232,0.1182432432432432,0.17036856538690276,None,None,1.0,None,None,1.0,0.5037593984962406,0.4289245982694685,0.46634199838285456,1.1744707590301402,1.1744707590301402,1.074834800226772,1.074834800226772,0.3946587537091988,0.5522388059701493,0.47344877983967404,0.7146523377977383,0.7146523377977383,0.8424199477390495,0.8424199477390495,0.41039671682626544,0.5402843601895735,0.47534053850791946,None,None,1.0,None,None,1.0,0.6055045871559633,0.7264150943396226,0.6659598407477929,0.8335517693315859,0.8335517693315859,0.8790894928163407,0.8790894928163407,0.7120418848167539,0.6976744186046512,0.7048581517107025,1.0205933682373471,1.0205933682373471,1.0143674662121027,1.0143674662121027,0.7030995106035889,0.7348484848484849,0.7189739977260369,None,None,1.0,None,None,1.0,0.2454212454212454,0.33429672447013487,0.2898589849456901,0.7341419387528898,0.7341419387528898,0.9111245209511105,0.9111245209511105,0.3288009888751545,0.2948207171314741,0.31181085300331435,1.1152574082116726,1.1152574082116726,1.0339802717436803,1.0339802717436803,0.32051282051282054,0.304,0.31225641025641027,None,None,1.0,None,None,1.0
Feldman-SVM-DIavgall,lambda=0.65,9,0.6916342412451362,0.5583864118895966,0.8043087971274686,0.6813476045085326,0.376059427344058,0.7522199777383848,0.7522199777383848,0.9060093702890528,0.7120418848167539,0.6869772998805257,0.6995095923486399,1.0364853175506488,1.0364853175506488,1.0250645849362283,1.0250645849362283,0.6866859623733719,0.701780415430267,0.6942331889018194,0.9784912021979971,0.9784912021979971,0.9849055469431048,0.9849055469431048,0.6875403486120077,0.7041420118343196,0.6958411802231637,None,None,1.0,None,None,1.0,0.49624060150375937,0.5686032138442522,0.5324219076740058,0.872736188296829,0.872736188296829,0.9276373876595072,0.9276373876595072,0.6038575667655787,0.44402985074626866,0.5239437087559237,1.3599481335560932,1.3599481335560932,1.15982771601931,1.15982771601931,0.5882352941176471,0.4549763033175355,0.5216057987175913,None,None,1.0,None,None,1.0,0.8273092369477911,0.7976878612716763,0.8124985491097337,1.0371340434200569,1.0371340434200569,1.0296213756761148,1.0296213756761148,0.7655367231638418,0.8719211822660099,0.8187289527149259,0.8779884452105078,0.8779884452105078,0.8936155408978319,0.8936155408978319,0.7762836185819071,0.8817567567567568,0.8290201876693319,None,None,1.0,None,None,1.0,0.17269076305220887,0.20231213872832365,0.18750145089026626,0.8535857716580612,0.8535857716580612,0.9703786243238852,0.9703786243238852,0.2344632768361582,0.1280788177339901,0.18127104728507415,1.830617122990005,1.830617122990005,1.106384459102168,1.106384459102168,0.2237163814180929,0.1182432432432432,0.17097981233066806,None,None,1.0,None,None,1.0,0.5037593984962406,0.43139678615574784,0.46757809232599423,1.1677402675743802,1.1677402675743802,1.0723626123404928,1.0723626123404928,0.39614243323442133,0.5559701492537313,0.47605629124407634,0.7125246450122478,0.7125246450122478,0.84017228398069,0.84017228398069,0.4117647058823529,0.5450236966824644,0.47839420128240867,None,None,1.0,None,None,1.0,0.6055045871559633,0.7244094488188977,0.6649570179874305,0.8358595931392102,0.8358595931392102,0.8810951383370657,0.8810951383370657,0.7102966841186736,0.695906432748538,0.7031015584336058,1.0206784284394386,1.0206784284394386,1.0143902513701355,1.0143902513701355,0.7014681892332789,0.732824427480916,0.7171463083570975,None,None,1.0,None,None,1.0,0.2454212454212454,0.33589990375360923,0.29066057458742733,0.7306380343629627,0.7306380343629627,0.9095213416676362,0.9095213416676362,0.3300370828182942,0.2962226640159046,0.3131298734170994,1.1141520312590736,1.1141520312590736,1.0338144188023897,1.0338144188023897,0.3215811965811966,0.3058510638297872,0.31371613020549194,None,None,1.0,None,None,1.0
Feldman-SVM-DIavgall,lambda=0.7,9,0.6921206225680934,0.5605095541401274,0.803411131059246,0.6819603425996867,0.3770028767668071,0.7567376527735541,0.7567376527735541,0.9074324282059463,0.7094240837696335,0.6881720430107527,0.6987980633901931,1.0308818717277486,1.0308818717277486,1.0212520407588808,1.0212520407588808,0.6874095513748191,0.701780415430267,0.6945949834025431,0.9795222782803976,0.9795222782803976,0.985629135944552,0.985629135944552,0.6875403486120077,0.7061143984220908,0.6968273735170493,None,None,1.0,None,None,1.0,0.49624060150375937,0.5710754017305315,0.5336580016171455,0.8689581095596133,0.8689581095596133,0.9251651997732279,0.9251651997732279,0.6053412462908012,0.44776119402985076,0.526551220160326,1.3519287833827893,1.3519287833827893,1.1575800522609505,1.1575800522609505,0.5896032831737346,0.4597156398104265,0.5246594614920805,None,None,1.0,None,None,1.0,0.8232931726907631,0.7976878612716763,0.8104905169812198,1.032099412141319,1.032099412141319,1.0256053114190866,1.0256053114190866,0.7655367231638418,0.8694581280788177,0.8174974256213298,0.8804756646020391,0.8804756646020391,0.8960785950850241,0.8960785950850241,0.7750611246943765,0.8817567567567568,0.8284089407255666,None,None,1.0,None,None,1.0,0.17670682730923692,0.20231213872832365,0.1895094830187803,0.8734366035570855,0.8734366035570855,0.9743946885809133,0.9743946885809133,0.2344632768361582,0.13054187192118227,0.18250257437867023,1.7960771772732118,1.7960771772732118,1.103921404914976,1.103921404914976,0.2249388753056235,0.1182432432432432,0.17159105927443336,None,None,1.0,None,None,1.0,0.5037593984962406,0.4289245982694685,0.46634199838285456,1.1744707590301402,1.1744707590301402,1.074834800226772,1.074834800226772,0.3946587537091988,0.5522388059701493,0.47344877983967404,0.7146523377977383,0.7146523377977383,0.8424199477390495,0.8424199477390495,0.41039671682626544,0.5402843601895735,0.47534053850791946,None,None,1.0,None,None,1.0,0.6,0.7252747252747253,0.6626373626373626,0.8272727272727273,0.8272727272727273,0.8747252747252747,0.8747252747252747,0.710801393728223,0.6936416184971098,0.7022215061126664,1.0247386759581882,1.0247386759581882,1.0171597752311132,1.0171597752311132,0.7008130081300813,0.7348484848484849,0.717830746489283,None,None,1.0,None,None,1.0,0.24632352941176472,0.33461909353905495,0.29047131147540983,0.7361311239193085,0.7361311239193085,0.9117044358727098,0.9117044358727098,0.3292079207920792,0.2954091816367265,0.3123085512144029,1.114413299438052,1.114413299438052,1.0337987391553527,1.0337987391553527,0.32119914346895073,0.304,0.3125995717344754,None,None,1.0,None,None,1.0
Feldman-SVM-DIavgall,lambda=0.75,9,0.6906614785992218,0.578556263269639,0.7854578096947935,0.6820070364822163,0.37340887327628797,0.7379858147174257,0.7379858147174257,0.8949751981334484,0.7068062827225131,0.6869772998805257,0.6968917913015193,1.0288641019804234,1.0288641019804234,1.0198289828419873,1.0198289828419873,0.6874095513748191,0.6973293768545994,0.6923694641147092,0.9857745481417618,0.9857745481417618,0.9900801745202197,0.9900801745202197,0.6875403486120077,0.7001972386587771,0.6938687936353924,None,None,1.0,None,None,1.0,0.5037593984962406,0.5908529048207664,0.5473061516585035,0.8525969736055621,0.8525969736055621,0.9129064936754743,0.9129064936754743,0.6246290801186943,0.4626865671641791,0.5436578236414367,1.3500047860629845,1.3500047860629845,1.1619425129545151,1.1619425129545151,0.6073871409028728,0.4786729857819905,0.5430300633424316,None,None,1.0,None,None,1.0,0.8152610441767069,0.776878612716763,0.7960698284467349,1.0494059571619814,1.0494059571619814,1.038382431459944,1.038382431459944,0.7471751412429378,0.8522167487684729,0.7996959450057053,0.8767430848110773,0.8767430848110773,0.894958392474465,0.894958392474465,0.7591687041564792,0.8581081081081081,0.8086384061322937,None,None,1.0,None,None,1.0,0.18473895582329314,0.22312138728323705,0.2039301715532651,0.8279751128867799,0.8279751128867799,0.9616175685400561,0.9616175685400561,0.2528248587570622,0.14778325123152714,0.20030405499429466,1.7107815442561203,1.7107815442561203,1.1050416075255352,1.1050416075255352,0.2408312958435208,0.14189189189189189,0.19136159386770635,None,None,1.0,None,None,1.0,0.49624060150375937,0.40914709517923364,0.4526938483414965,1.2128660018626625,1.2128660018626625,1.0870935063245257,1.0870935063245257,0.37537091988130566,0.5373134328358209,0.4563421763585633,0.6986069897790966,0.6986069897790966,0.8380574870454848,0.8380574870454848,0.3926128590971272,0.5213270142180095,0.45696993665756835,None,None,1.0,None,None,1.0,0.5929203539823009,0.7123695976154992,0.6526449757989001,0.8323212500462843,0.8323212500462843,0.8805507563668017,0.8805507563668017,0.7016666666666667,0.6739130434782609,0.6877898550724637,1.0411827956989248,1.0411827956989248,1.027753623188406,1.027753623188406,0.6926677067082684,0.7062937062937062,0.6994807065009874,None,None,1.0,None,None,1.0,0.24535315985130113,0.3300099700897308,0.287681564970516,0.7434719617246375,0.7434719617246375,0.9153431897615703,0.9153431897615703,0.3235294117647059,0.2938775510204082,0.30870348139255704,1.1008986928104574,1.1008986928104574,1.0296518607442977,1.0296518607442977,0.31607929515418504,0.3021978021978022,0.3091385486759936,None,None,1.0,None,None,1.0
Feldman-SVM-DIavgall,lambda=0.8,9,0.691147859922179,0.5806794055201698,0.7845601436265709,0.6826197745733704,0.374392954684625,0.734701011387823,0.734701011387823,0.8931830834381079,0.7068062827225131,0.6875746714456392,0.6971904770840762,1.0279702148370868,1.0279702148370868,1.019231611276874,1.019231611276874,0.6881331403762663,0.6973293768545994,0.6927312586154328,0.9868122055608585,0.9868122055608585,0.9908037635216669,0.9908037635216669,0.6881859264041317,0.7001972386587771,0.6941915825314544,None,None,1.0,None,None,1.0,0.5037593984962406,0.5933250927070457,0.5485422456016431,0.849044486215539,0.849044486215539,0.9104343057891949,0.9104343057891949,0.6275964391691394,0.4626865671641791,0.5451415031666593,1.3564181104623336,1.3564181104623336,1.1649098720049604,1.1649098720049604,0.6101231190150479,0.4786729857819905,0.5443980523985192,None,None,1.0,None,None,1.0,0.8152610441767069,0.7757225433526012,0.795491793764654,1.0509699004662465,1.0509699004662465,1.0395385008241056,1.0395385008241056,0.7457627118644068,0.8522167487684729,0.7989897303164398,0.8750857254825121,0.8750857254825121,0.8935459630959339,0.8935459630959339,0.7579462102689487,0.8581081081081081,0.8080271591885284,None,None,1.0,None,None,1.0,0.18473895582329314,0.22427745664739884,0.204508206235346,0.8237071999337555,0.8237071999337555,0.9604614991758943,0.9604614991758943,0.2542372881355932,0.14778325123152714,0.20101026968356017,1.7203389830508469,1.7203389830508469,1.106454036904066,1.106454036904066,0.2420537897310513,0.14189189189189189,0.1919728408114716,None,None,1.0,None,None,1.0,0.49624060150375937,0.4066749072929543,0.45145775439835684,1.2202390474666909,1.2202390474666909,1.0895656942108052,1.0895656942108052,0.37240356083086057,0.5373134328358209,0.45485849683334073,0.6930844048796572,0.6930844048796572,0.8350901279950397,0.8350901279950397,0.3898768809849521,0.5213270142180095,0.4556019476014808,None,None,1.0,None,None,1.0,0.5929203539823009,0.712166172106825,0.6525432630445629,0.8325589970501475,0.8325589970501475,0.8807541818754759,0.8807541818754759,0.7014925373134329,0.6739130434782609,0.6877027903958468,1.0409244102070294,1.0409244102070294,1.027579493835172,1.027579493835172,0.6925465838509317,0.7062937062937062,0.699420145072319,None,None,1.0,None,None,1.0,0.24535315985130113,0.329,0.2871765799256506,0.7457542852623135,0.7457542852623135,0.9163531598513011,0.9163531598513011,0.32220795892169446,0.2938775510204082,0.3080427549710513,1.096402082441877,1.096402082441877,1.0283304079012863,1.0283304079012863,0.3149171270718232,0.3021978021978022,0.3085574646348127,None,None,1.0,None,None,1.0
Feldman-SVM-DIavgall,lambda=0.85,9,0.6921206225680934,0.5870488322717622,0.7809694793536804,0.6840091558127213,0.37635305838934097,0.7464538598150241,0.7464538598150241,0.8968548856236747,0.7094240837696335,0.6881720430107527,0.6987980633901931,1.0308818717277486,1.0308818717277486,1.0212520407588808,1.0212520407588808,0.6895803183791607,0.6973293768545994,0.69345484761688,0.9888875203990517,0.9888875203990517,0.9922509415245613,0.9922509415245613,0.6894770819883796,0.7001972386587771,0.6948371603235783,None,None,1.0,None,None,1.0,0.518796992481203,0.5982694684796045,0.5585332304804038,0.8671627415646554,0.8671627415646554,0.9205275240015985,0.9205275240015985,0.6320474777448071,0.47388059701492535,0.5529640373798662,1.333769480595341,1.333769480595341,1.1581668807298817,1.1581668807298817,0.615595075239398,0.4881516587677725,0.5518733670035852,None,None,1.0,None,None,1.0,0.8112449799196787,0.7722543352601156,0.7917496575898971,1.0504893826804222,1.0504893826804222,1.0389906446595631,1.0389906446595631,0.7443502824858758,0.8448275862068966,0.7945889343463861,0.8810676813098121,0.8810676813098121,0.8995226962789792,0.8995226962789792,0.7555012224938875,0.8513513513513513,0.8034262869226194,None,None,1.0,None,None,1.0,0.1887550200803213,0.22774566473988445,0.20825034241010287,0.8287974231953192,0.8287974231953192,0.9610093553404369,0.9610093553404369,0.25564971751412424,0.15517241379310343,0.20541106565361383,1.6475204017576899,1.6475204017576899,1.100477303721021,1.100477303721021,0.24449877750611249,0.14864864864864868,0.19657371307738059,None,None,1.0,None,None,1.0,0.48120300751879697,0.4017305315203955,0.44146676951959624,1.1978253325621748,1.1978253325621748,1.0794724759984016,1.0794724759984016,0.3679525222551929,0.5261194029850746,0.4470359626201338,0.6993707515205085,0.6993707515205085,0.8418331192701183,0.8418331192701183,0.38440492476060195,0.5118483412322274,0.4481266329964147,None,None,1.0,None,None,1.0,0.5948275862068966,0.71071953010279,0.6527735581548433,0.836937161584497,0.836937161584497,0.8841080561041066,0.8841080561041066,0.7018121911037891,0.6684210526315789,0.6851166218676841,1.0499552465332278,1.0499552465332278,1.03339113847221,1.03339113847221,0.6923076923076923,0.7006802721088435,0.6964939822082679,None,None,1.0,None,None,1.0,0.24060150375939848,0.32729103726082576,0.2839462705101121,0.7351301330248698,0.7351301330248698,0.9133104664985727,0.9133104664985727,0.32,0.29132231404958675,0.30566115702479335,1.098439716312057,1.098439716312057,1.0286776859504132,1.0286776859504132,0.3125695216907675,0.3,0.30628476084538375,None,None,1.0,None,None,1.0
Feldman-SVM-DIavgall,lambda=0.9,9,0.6974708171206225,0.5668789808917197,0.8078994614003591,0.6873892211460394,0.38813962120067724,0.8043276559082775,0.8043276559082775,0.9261260923142363,0.7146596858638743,0.6935483870967742,0.7041040364803243,1.0304395470595396,1.0304395470595396,1.0211112987671,1.0211112987671,0.695369030390738,0.701780415430267,0.6985747229105026,0.9908641151868023,0.9908641151868023,0.993588614960471,0.993588614960471,0.6952872821174951,0.7041420118343196,0.6997146469759074,None,None,1.0,None,None,1.0,0.5263157894736842,0.5735475896168108,0.5499316895452475,0.917649727767695,0.917649727767695,0.9527681998568733,0.9527681998568733,0.6097922848664689,0.458955223880597,0.534373754373533,1.3286531084895419,1.3286531084895419,1.1508370609858718,1.1508370609858718,0.5964432284541724,0.46445497630331756,0.530449102378745,None,None,1.0,None,None,1.0,0.8152610441767069,0.8057803468208092,0.810520695498758,1.0117658582680795,1.0117658582680795,1.0094806973558976,1.0094806973558976,0.7768361581920904,0.8620689655172413,0.8194525618546659,0.9011299435028249,0.9011299435028249,0.9147671926748491,0.9147671926748491,0.7836185819070904,0.875,0.8293092909535452,None,None,1.0,None,None,1.0,0.18473895582329314,0.19421965317919077,0.18947930450124195,0.9511856951615986,0.9511856951615986,0.9905193026441024,0.9905193026441024,0.2231638418079096,0.13793103448275867,0.18054743814533414,1.617937853107344,1.617937853107344,1.085232807325151,1.085232807325151,0.21638141809290956,0.125,0.17069070904645478,None,None,1.0,None,None,1.0,0.4736842105263158,0.42645241038318915,0.4500683104547525,1.1107551487414187,1.1107551487414187,1.0472318001431267,1.0472318001431267,0.39020771513353114,0.541044776119403,0.4656262456264671,0.7212115010743885,0.7212115010743885,0.8491629390141281,0.8491629390141281,0.4035567715458276,0.5355450236966824,0.469550897621255,None,None,1.0,None,None,1.0,0.603448275862069,0.7341772151898734,0.6688127455259711,0.8219381688466111,0.8219381688466111,0.8692710606721955,0.8692710606721955,0.7223198594024605,0.6871508379888268,0.7047353486956436,1.0511809336019546,1.0511809336019546,1.0351690214136338,1.0351690214136338,0.7112561174551386,0.725925925925926,0.7185910216905322,None,None,1.0,None,None,1.0,0.23684210526315788,0.3310940499040307,0.28396807758359427,0.7153318077803204,0.7153318077803204,0.9057480553591272,0.9057480553591272,0.3234932349323493,0.29292929292929293,0.3082112639308211,1.1043389744242271,1.1043389744242271,1.0305639420030563,1.0305639420030563,0.31517094017094016,0.30376344086021506,0.3094671905155776,None,None,1.0,None,None,1.0
Feldman-SVM-DIavgall,lambda=0.95,9,0.6960116731517509,0.5679405520169851,0.8043087971274686,0.6861246745722269,0.3849747963794161,0.8061592413316212,0.8061592413316212,0.9263544071009027,0.7172774869109948,0.6911589008363201,0.7042181938736575,1.0377895532316381,1.0377895532316381,1.0261185860746747,1.0261185860746747,0.6946454413892909,0.6988130563798219,0.6967292488845565,0.9940361517969895,0.9940361517969895,0.9958323850094689,0.9958323850094689,0.6946417043253712,0.7001972386587771,0.6974194714920742,None,None,1.0,None,None,1.0,0.5338345864661654,0.5735475896168108,0.5536910880414881,0.930759009592948,0.930759009592948,0.9602869968493546,0.9602869968493546,0.6112759643916914,0.458955223880597,0.5351155941361442,1.331885841113604,1.331885841113604,1.1523207405110945,1.1523207405110945,0.5978112175102599,0.46445497630331756,0.5311330969067887,None,None,1.0,None,None,1.0,0.8152610441767069,0.8011560693641618,0.8082085567704343,1.0176057766419213,1.0176057766419213,1.014104974812545,1.014104974812545,0.7740112994350282,0.8571428571428571,0.8155770782889427,0.9030131826741996,0.9030131826741996,0.9168684422921711,0.9168684422921711,0.7811735941320294,0.8682432432432432,0.8247084186876363,None,None,1.0,None,None,1.0,0.18473895582329314,0.19884393063583816,0.19179144322956565,0.9290650975997009,0.9290650975997009,0.985895025187455,0.985895025187455,0.22598870056497178,0.1428571428571429,0.18442292171105734,1.581920903954802,1.581920903954802,1.0831315577078289,1.0831315577078289,0.21882640586797064,0.1317567567567568,0.17529158131236372,None,None,1.0,None,None,1.0,0.46616541353383456,0.42645241038318915,0.44630891195851186,1.093124114634412,1.093124114634412,1.0397130031506454,1.0397130031506454,0.3887240356083086,0.541044776119403,0.4648844058638558,0.7184692520208737,0.7184692520208737,0.8476792594889055,0.8476792594889055,0.4021887824897401,0.5355450236966824,0.4688669030932113,None,None,1.0,None,None,1.0,0.6068376068376068,0.7295597484276729,0.6681986776326398,0.8317860300618921,0.8317860300618921,0.8772778584099339,0.8772778584099339,0.7202797202797203,0.6795580110497238,0.6999188656647221,1.059923816021377,1.059923816021377,1.0407217092299965,1.0407217092299965,0.7094155844155844,0.7153284671532847,0.7123720257844346,None,None,1.0,None,None,1.0,0.2339622641509434,0.33236994219653176,0.2831661031737376,0.703921246923708,0.703921246923708,0.9015923219544116,0.9015923219544116,0.3234567901234568,0.29411764705882354,0.30878721859114017,1.0997530864197531,1.0997530864197531,1.0293391430646333,1.0293391430646333,0.31511254019292606,0.3054054054054054,0.3102589727991657,None,None,1.0,None,None,1.0
Feldman-SVM-DIavgall,lambda=1.0,9,0.6960116731517509,0.5679405520169851,0.8043087971274686,0.6861246745722269,0.3849747963794161,0.8061592413316212,0.8061592413316212,0.9263544071009027,0.7172774869109948,0.6911589008363201,0.7042181938736575,1.0377895532316381,1.0377895532316381,1.0261185860746747,1.0261185860746747,0.6946454413892909,0.6988130563798219,0.6967292488845565,0.9940361517969895,0.9940361517969895,0.9958323850094689,0.9958323850094689,0.6946417043253712,0.7001972386587771,0.6974194714920742,None,None,1.0,None,None,1.0,0.5338345864661654,0.5735475896168108,0.5536910880414881,0.930759009592948,0.930759009592948,0.9602869968493546,0.9602869968493546,0.6112759643916914,0.458955223880597,0.5351155941361442,1.331885841113604,1.331885841113604,1.1523207405110945,1.1523207405110945,0.5978112175102599,0.46445497630331756,0.5311330969067887,None,None,1.0,None,None,1.0,0.8152610441767069,0.8011560693641618,0.8082085567704343,1.0176057766419213,1.0176057766419213,1.014104974812545,1.014104974812545,0.7740112994350282,0.8571428571428571,0.8155770782889427,0.9030131826741996,0.9030131826741996,0.9168684422921711,0.9168684422921711,0.7811735941320294,0.8682432432432432,0.8247084186876363,None,None,1.0,None,None,1.0,0.18473895582329314,0.19884393063583816,0.19179144322956565,0.9290650975997009,0.9290650975997009,0.985895025187455,0.985895025187455,0.22598870056497178,0.1428571428571429,0.18442292171105734,1.581920903954802,1.581920903954802,1.0831315577078289,1.0831315577078289,0.21882640586797064,0.1317567567567568,0.17529158131236372,None,None,1.0,None,None,1.0,0.46616541353383456,0.42645241038318915,0.44630891195851186,1.093124114634412,1.093124114634412,1.0397130031506454,1.0397130031506454,0.3887240356083086,0.541044776119403,0.4648844058638558,0.7184692520208737,0.7184692520208737,0.8476792594889055,0.8476792594889055,0.4021887824897401,0.5355450236966824,0.4688669030932113,None,None,1.0,None,None,1.0,0.6068376068376068,0.7295597484276729,0.6681986776326398,0.8317860300618921,0.8317860300618921,0.8772778584099339,0.8772778584099339,0.7202797202797203,0.6795580110497238,0.6999188656647221,1.059923816021377,1.059923816021377,1.0407217092299965,1.0407217092299965,0.7094155844155844,0.7153284671532847,0.7123720257844346,None,None,1.0,None,None,1.0,0.2339622641509434,0.33236994219653176,0.2831661031737376,0.703921246923708,0.703921246923708,0.9015923219544116,0.9015923219544116,0.3234567901234568,0.29411764705882354,0.30878721859114017,1.0997530864197531,1.0997530864197531,1.0293391430646333,1.0293391430646333,0.31511254019292606,0.3054054054054054,0.3102589727991657,None,None,1.0,None,None,1.0
